#|num|weight|mean|covariance matrix|
|0|1414.4774973782964|37.79350011402621 -12.153513888985664 -19.704410360831645|12.436208453581868 -0.29890650571694266 -6.3232378277842765 -0.2989065057169431 8.308852653898722 4.128965304435575 -6.323237827784276 4.1289653044355745 23.347265599405063|
|1|602.803348305108|28.424379104605617 -26.6284882273531 -10.318994513811006|10.636193504470965 0.5773924196154956 0.16300177186475784 0.5773924196154956 9.220269471724734 -5.739058313378247 0.16300177186475784 -5.739058313378246 7.488681312960525|
|2|1164.136206019412|41.56008704825312 -23.544833725402214 -25.35153837532741|14.075393886335975 -2.7316760765632733 -6.6935135712902385 -2.7316760765632733 6.72652825846638 2.3025085116672557 -6.693513571290239 2.3025085116672557 14.873415933998476|
|3|944.944712107478|21.895915300494227 -17.927488145989976 -1.1151131993061614|7.493467994413337 -0.5794837943942395 -3.736680115520375 -0.5794837943942395 11.919310897385168 -5.3173489777925536 -3.736680115520375 -5.317348977792553 12.422054100675975|
|4|1064.0559615347295|29.991302872592023 -20.512475307029945 -20.576614213860125|10.565023887757505 3.8207953477738625 -4.492942208066614 3.8207953477738625 15.507239736488863 -0.9516709022178116 -4.492942208066614 -0.9516709022178111 12.196449117758547|
|5|1232.4344009603183|21.58607798495416 -18.22095241717743 -13.631541974506773|18.662851484546717 10.274172587367174 -6.9180776142439875 10.274172587367174 15.747115802701076 -9.140189030150898 -6.918077614243988 -9.140189030150898 13.150133639778526|
|6|487.80776571986576|54.84778079167292 -16.389639393124085 -26.75209753557015|6.781403446179677 5.821723893804984 8.353716690900876 5.821723893804984 7.156044433703325 6.486448655017227 8.353716690900878 6.4864486550172265 18.301092293411692|
|7|1185.0415992317953|31.491250923369712 -17.648079314135042 -6.981934426852901|7.52747500594903 -4.503047029203332 -2.734710717093818 -4.503047029203333 14.790617084169856 -1.9618433057269113 -2.7347107170938174 -1.961843305726912 16.159008385904855|
|8|589.9725087429432|24.122137193482004 -26.13648417853072 -3.750474308639862|11.087999515549987 -1.9601842597691537 -1.1275019630782412 -1.9601842597691532 4.197332301053306 0.8392868705472425 -1.1275019630782408 0.8392868705472425 7.115010033995645|
