266.61
263.00
261.82
256.30
257.79
260.88
269.66
260.18
253.78
276.81
243.63
263.76
253.59
264.26
251.62
254.41
259.96
259.00
261.90
244.85
259.28
243.30
257.84
255.45
262.35
245.32
238.71
246.50
251.44
243.97
237.93
241.49
254.08
261.93
247.76
253.72
249.33
244.18
249.53
256.49
252.07
247.99
246.76
257.40
250.81
243.25
250.93
250.77
253.86
251.96
250.04
249.05
247.32
247.84
243.82
249.69
215.11
223.09
242.42
223.69
230.92
253.36
237.40
244.93
237.98
232.22
243.06
225.02
234.89
230.65
214.93
213.05
229.33
238.67
223.13
245.23
249.73
247.49
231.41
223.38
232.09
240.11
242.00
233.21
233.03
235.52
228.00
235.07
224.81
238.78
236.65
232.43
237.99
240.19
238.42
256.86
232.50
237.49
260.35
237.81
225.33
224.45
225.47
221.30
228.00
222.42
240.35
230.56
236.84
231.12
240.02
231.59
227.99
232.04
235.92
229.64
215.74
223.50
226.39
225.18
229.12
225.60
217.20
223.74
221.78
218.52
233.23
232.12
229.71
230.13
219.05
215.65
227.30
224.87
228.93
222.02
226.51
218.74
209.94
215.96
213.98
217.11
240.94
224.14
221.73
227.94
225.98
222.12
222.30
227.15
226.24
213.00
216.92
221.97
224.87
214.90
227.00
221.89
223.95
225.86
220.36
227.77
228.93
226.45
229.12
228.47
227.43
232.11
225.19
219.25
219.00
210.50
211.89
222.51
228.08
219.96
224.80
226.01
222.16
220.95
233.81
229.62
232.99
228.91
222.42
239.43
221.81
229.06
234.07
231.35
233.39
221.54
220.71
239.02
222.17
227.93
229.65
220.79
225.67
223.72
229.77
238.95
226.40
215.19
220.35
223.99
226.29
218.21
216.92
215.54
212.32
223.00
222.99
225.35
222.83
232.17
224.91
229.91
235.79
220.29
222.02
219.08
225.32
221.75
229.29
234.56
230.24
237.90
230.20
218.61
216.95
224.78
217.62
212.37
218.38
220.38
213.78
229.13
218.39
214.11
222.63
226.26
222.51
219.04
228.32
221.21
224.40
224.53
213.47
213.25
238.46
211.29
212.66
218.59
222.85
223.42
214.65
222.78
209.17
209.55
220.44
224.62
215.27
221.25
226.09
231.10
221.19
226.39
218.60
240.06
216.23
224.06
228.06
231.21
211.83
216.01
220.13
219.78
228.06
225.01
229.66
211.36
215.48
213.04
211.86
227.03
229.12
225.96
236.08
227.42
221.21
226.77
211.50
219.70
227.46
226.60
225.06
218.02
219.86
214.32
224.01
225.39
226.53
217.31
224.66
222.55
228.51
224.80
234.05
226.11
236.63
230.84
220.73
221.65
223.03
233.92
217.09
220.59
234.20
220.39
222.63
221.72
223.27
235.16
220.85
219.15
223.73
222.36
229.02
225.41
229.92
213.77
230.51
225.90
230.73
226.40
230.03
219.96
227.16
211.17
221.76
229.46
220.31
220.27
212.48
224.02
229.02
231.24
236.17
231.53
232.49
221.74
213.70
224.87
229.75
230.02
223.38
220.52
219.41
214.41
219.31
228.47
221.23
235.26
232.95
236.91
218.00
221.57
227.73
219.28
225.84
216.32
234.90
234.42
218.88
223.33
233.94
230.04
221.89
237.87
226.50
221.78
228.81
218.59
218.65
232.88
231.39
238.41
224.03
227.37
227.01
223.64
217.71
217.34
228.59
219.38
227.86
230.17
214.46
219.11
216.69
254.15
251.56
258.73
252.66
246.69
252.73
245.86
251.09
254.72
251.66
255.96
257.34
256.77
254.88
251.85
256.53
247.42
241.23
250.61
255.41
253.40
244.93
256.10
249.05
251.51
242.43
245.72
255.30
241.68
250.38
246.98
248.67
256.08
248.20
253.80
256.44
264.32
255.80
259.32
278.09
256.24
265.28
257.55
249.05
258.52
254.97
257.09
259.51
252.76
259.03
280.54
247.72
261.34
254.80
253.18
248.56
255.60
263.66
264.40
259.69
259.84
253.41
248.83
251.01
263.52
254.20
259.68
259.29
242.12
256.07
260.85
255.10
269.96
250.14
260.15
253.41
262.58
239.47
224.47
223.45
231.18
236.72
221.02
236.97
220.56
238.82
226.23
227.91
225.38
222.75
216.71
219.30
223.03
216.94
234.24
234.73
219.15
233.16
221.30
238.07
232.25
227.35
234.45
228.11
232.39
238.35
226.03
218.78
229.07
228.61
215.23
226.83
223.49
223.57
220.88
221.70
223.46
215.89
216.75
229.86
222.76
223.66
226.07
231.34
223.82
226.84
226.45
230.01
227.84
227.79
213.35
222.17
242.60
230.81
226.81
228.14
222.48
217.10
223.14
226.90
226.99
223.91
219.95
231.47
228.27
235.28
221.69
225.12
226.77
233.17
223.25
243.54
223.29
221.37
221.42
231.49
225.59
226.47
232.40
215.88
233.41
229.60
228.70
226.52
227.86
229.60
241.52
220.47
222.60
236.73
228.63
232.35
233.48
224.69
237.15
224.20
219.16
216.09
217.71
232.06
231.35
224.70
220.56
228.57
215.20
230.57
222.08
247.43
225.14
233.87
229.84
231.05
228.76
229.52
236.48
238.32
232.71
239.63
252.24
222.84
223.19
228.48
212.45
243.93
224.32
222.08
224.32
226.41
223.17
231.83
231.48
230.13
235.99
236.28
232.57
228.42
215.85
226.73
217.27
228.83
233.31
234.04
225.76
230.09
225.62
235.80
228.13
228.78
231.96
239.05
228.96
233.15
234.44
221.73
230.75
232.38
221.43
223.34
224.51
224.28
242.97
225.87
216.55
232.01
218.81
232.20
239.98
234.16
232.59
221.59
233.19
222.89
234.38
226.25
226.43
225.34
227.70
232.51
232.02
226.00
224.11
212.40
235.76
218.15
217.65
232.91
220.55
224.32
219.16
237.01
222.74
219.49
225.37
228.90
218.68
234.07
220.66
228.34
223.56
219.70
222.04
220.68
232.89
215.55
217.53
224.38
229.48
224.70
224.07
230.12
223.14
229.46
226.45
228.21
214.95
225.52
219.01
230.98
219.54
231.73
224.17
223.74
225.96
216.33
217.44
232.15
221.41
217.45
228.54
228.38
216.43
229.71
231.09
225.30
220.97
220.18
236.65
228.62
220.80
225.48
221.91
222.21
231.96
233.24
229.95
238.56
226.58
234.11
226.32
215.88
224.03
230.91
218.77
233.55
235.16
227.39
233.47
229.55
220.25
231.00
219.74
221.85
230.44
222.64
226.76
230.69
212.69
225.99
218.76
221.87
223.14
223.86
223.01
219.23
229.57
230.69
228.55
234.77
230.83
229.47
231.55
232.83
228.60
232.85
239.37
226.08
227.54
229.33
230.88
220.82
219.54
233.12
228.60
226.39
221.36
227.00
220.15
217.99
232.16
216.02
218.60
234.52
225.11
224.81
226.00
238.77
224.26
233.55
227.23
230.93
224.41
234.77
230.08
229.45
235.33
220.77
233.65
237.18
212.80
216.44
229.94
222.01
222.24
226.67
235.57
222.37
216.97
218.73
235.84
232.43
226.27
241.75
232.51
223.00
206.43
225.58
245.91
214.26
227.71
227.74
234.30
214.74
218.72
220.41
234.56
218.94
223.71
226.27
220.60
244.52
232.99
241.07
252.80
224.62
233.67
221.32
219.63
223.15
214.00
224.21
226.75
225.93
232.00
223.80
225.49
229.78
222.54
229.42
226.12
228.55
228.61
219.16
229.33
234.17
216.89
232.41
227.35
218.71
219.34
240.20
237.72
224.89
221.70
216.85
222.92
220.44
233.68
239.65
237.00
238.88
220.08
228.89
204.74
226.87
215.24
226.33
215.13
233.85
227.17
220.37
217.66
221.59
209.53
231.78
230.52
221.75
240.00
223.50
224.40
215.84
218.97
226.49
221.55
227.36
218.29
213.56
235.30
219.99
233.83
215.73
214.45
214.92
235.50
227.02
233.96
233.63
234.69
232.04
225.95
220.11
230.38
236.70
239.26
230.97
209.68
226.22
220.25
228.95
259.28
257.95
265.24
259.81
262.90
267.91
269.46
269.74
261.41
253.21
254.99
250.85
244.89
238.52
245.16
237.36
245.31
244.69
236.05
235.36
237.86
246.87
248.16
241.93
235.93
246.87
243.11
248.59
244.98
248.07
239.38
248.93
249.56
240.58
248.75
239.58
233.97
250.69
236.73
256.53
241.85
245.47
242.81
252.97
250.61
242.92
252.48
238.83
244.13
238.33
251.44
246.75
241.84
236.13
228.74
219.97
233.79
235.79
239.91
239.76
238.93
227.48
238.98
240.80
220.93
235.26
245.48
228.70
232.38
233.70
234.01
236.01
232.19
235.56
246.61
237.79
239.84
223.28
234.41
237.11
240.47
235.37
228.52
230.39
224.97
239.91
238.85
237.87
220.68
238.37
234.04
244.55
222.13
229.08
236.27
236.97
230.10
227.21
240.49
231.82
234.25
235.63
223.73
245.05
229.95
238.95
241.22
231.48
238.21
241.06
235.77
233.51
226.07
236.70
230.97
227.51
223.39
230.60
232.58
234.54
230.04
222.25
238.65
220.34
223.63
222.22
230.87
221.86
228.89
241.26
226.25
234.17
229.92
239.15
237.84
227.31
227.64
230.58
224.41
233.68
221.68
230.60
215.16
232.42
219.20
222.32
228.09
217.89
220.67
226.22
220.81
217.05
212.05
225.62
215.44
230.78
240.98
217.82
228.49
232.07
228.90
227.19
226.70
226.30
233.09
220.42
227.33
222.74
227.61
232.09
231.47
224.55
223.70
227.63
218.66
217.25
220.53
221.14
224.36
224.65
227.35
227.20
234.63
238.27
230.82
238.51
238.63
229.89
230.03
220.90
229.91
221.44
227.85
226.60
221.27
225.33
225.60
222.30
231.96
232.97
233.06
233.59
219.39
229.16
213.91
215.72
227.84
217.85
220.03
222.77
229.99
229.99
218.10
223.81
223.10
231.19
223.07
223.31
224.04
237.75
218.96
241.90
217.27
219.24
225.36
236.07
238.83
226.59
228.82
215.35
223.28
217.73
225.30
223.10
223.15
221.59
219.12
223.85
223.63
223.58
243.38
226.39
227.44
221.52
226.31
225.98
226.84
212.04
227.87
230.92
216.39
219.42
221.43
230.93
224.87
227.65
223.58
228.28
218.80
220.81
230.21
226.75
219.54
232.15
227.94
224.49
215.59
221.78
225.02
205.84
225.88
222.25
228.81
226.02
227.08
237.48
222.55
224.88
228.54
227.68
218.09
232.14
226.57
230.41
227.83
220.47
212.81
230.59
225.76
213.81
215.84
218.75
227.09
229.06
221.57
230.18
221.59
216.40
217.19
219.79
230.73
228.93
230.62
223.02
222.84
222.98
235.55
230.17
227.22
227.96
221.98
216.29
221.53
232.26
228.12
214.86
225.89
227.88
231.72
230.58
233.91
234.27
235.74
222.88
229.33
216.92
236.66
220.73
220.40
223.02
225.48
225.49
221.71
228.28
225.06
243.52
236.36
228.64
223.93
230.60
213.33
242.33
220.80
225.32
224.89
223.38
232.53
224.02
223.04
232.00
229.77
217.94
234.04
218.27
219.40
222.88
225.00
233.65
222.85
220.71
233.01
213.12
230.41
234.10
219.70
229.10
219.36
228.33
222.18
222.32
229.97
227.72
225.24
230.18
234.00
219.38
230.27
213.25
220.25
227.80
221.15
217.90
230.63
230.21
222.75
225.50
217.47
230.00
220.95
222.98
224.81
219.20
214.41
224.96
223.11
234.56
231.00
229.57
224.23
222.51
234.55
229.72
226.66
229.40
226.55
214.51
210.91
214.47
221.30
226.83
236.90
217.01
221.41
217.96
222.39
217.37
231.60
227.77
225.58
231.93
225.07
225.03
222.45
231.38
219.59
221.97
265.54
256.20
276.99
267.04
291.27
247.92
246.25
243.47
255.48
245.55
253.81
251.83
250.31
241.44
235.78
222.44
228.90
231.56
229.56
238.33
236.76
230.17
229.91
219.94
226.96
234.72
217.13
217.63
229.39
231.17
226.66
233.33
229.96
223.58
222.51
228.81
235.87
234.08
222.02
231.61
227.57
232.45
234.81
238.46
217.87
216.93
221.21
219.81
227.59
221.51
218.37
216.48
223.96
223.65
224.96
225.13
226.14
228.25
240.37
224.93
211.25
218.83
208.88
233.17
216.86
220.48
224.39
220.03
239.75
223.24
224.70
232.20
230.98
220.90
219.88
227.92
232.77
233.68
225.68
224.02
222.78
225.04
218.97
228.92
230.78
213.23
221.00
223.58
219.06
231.54
214.22
240.40
222.94
237.25
237.21
227.51
223.05
231.44
221.12
232.43
224.60
230.42
229.86
220.87
229.71
219.46
224.29
225.53
231.08
223.48
232.78
231.33
231.79
222.55
227.39
228.55
230.15
223.23
231.95
222.97
234.82
215.08
226.55
224.99
236.89
223.78
216.06
217.40
224.00
234.67
234.30
221.84
228.99
221.39
227.97
231.09
227.89
229.62
229.08
223.35
223.61
225.27
226.38
229.70
217.89
223.28
228.64
232.89
227.37
225.05
248.49
222.79
227.45
214.07
220.72
227.75
222.51
218.51
219.88
219.92
216.16
222.04
225.44
232.23
226.37
228.99
222.54
219.21
230.56
233.21
239.68
225.22
213.16
230.87
225.60
229.55
235.61
224.31
235.21
223.45
224.75
235.75
227.09
216.79
235.10
231.50
217.52
222.14
237.66
228.47
224.06
227.52
236.34
219.44
216.19
234.80
223.95
222.44
229.70
218.28
219.32
225.27
215.89
222.61
216.58
226.67
216.56
219.48
226.64
219.49
233.11
225.02
232.95
230.43
217.45
234.19
218.37
223.65
230.88
217.15
220.85
219.91
222.05
216.82
222.81
212.84
217.12
228.07
221.74
222.04
224.76
213.18
224.85
231.92
219.66
224.82
223.58
231.34
226.36
222.78
220.39
222.27
234.58
219.72
230.09
230.31
213.14
228.33
235.70
236.22
220.92
230.62
227.85
228.50
223.91
226.73
223.08
218.45
218.85
232.30
228.92
234.37
232.50
223.79
213.17
216.76
225.66
222.97
229.94
217.61
219.08
217.24
220.20
217.53
214.34
230.15
214.37
225.02
219.88
225.24
223.39
217.07
223.65
218.22
223.24
223.02
217.48
214.10
218.62
223.36
229.41
219.87
218.52
236.93
222.35
219.62
220.49
220.81
229.42
234.68
230.81
222.23
222.47
230.10
221.24
224.14
237.20
226.25
222.70
236.79
231.06
231.64
233.73
240.80
225.55
224.99
228.89
224.95
214.25
219.00
227.20
232.03
234.88
219.91
224.17
218.62
220.69
232.24
217.38
222.93
220.79
225.08
231.67
217.29
227.17
229.76
234.91
231.97
235.37
229.31
227.86
222.32
231.22
226.41
211.22
219.29
244.00
226.93
231.79
230.05
224.80
235.08
228.99
232.64
238.53
234.74
225.72
217.92
226.82
229.79
226.00
230.50
237.20
231.89
226.44
233.07
224.65
242.20
238.33
238.57
225.35
235.44
237.35
233.05
229.91
238.26
230.68
220.65
239.88
236.97
227.28
219.93
237.22
220.53
226.00
217.20
220.03
231.53
210.65
235.81
225.89
223.55
223.37
224.02
214.04
228.77
208.95
225.93
236.98
232.44
231.32
227.78
223.00
224.82
221.21
221.41
218.26
230.51
224.01
219.48
217.65
224.12
221.19
214.00
225.05
225.44
235.32
222.49
225.24
225.44
220.93
217.31
229.50
223.81
226.84
220.17
226.55
225.79
233.00
222.51
222.71
221.62
232.12
219.07
230.60
229.59
256.89
251.31
262.87
254.54
261.68
259.17
252.39
260.02
260.35
264.36
245.88
240.78
249.71
251.13
245.39
257.86
247.87
243.32
235.31
230.40
224.53
218.13
225.15
218.42
227.97
219.56
223.05
229.75
227.62
221.65
230.86
217.83
228.62
226.74
224.26
228.37
226.50
224.56
225.06
222.15
227.31
224.50
227.60
225.93
219.49
222.41
218.71
226.73
219.13
229.96
220.32
230.81
226.37
215.88
225.55
240.01
229.79
226.78
227.55
224.67
250.47
222.87
237.17
233.05
224.00
229.88
222.26
223.00
229.09
219.51
219.28
235.96
238.14
227.06
230.15
237.52
224.52
228.85
224.25
221.16
225.77
222.61
218.67
223.29
229.49
225.96
222.57
231.11
225.41
229.03
228.72
230.77
215.88
238.79
226.67
212.62
224.03
229.02
221.42
229.73
227.71
231.77
231.26
218.60
228.83
227.96
234.48
238.21
212.57
227.87
220.49
225.99
222.90
227.23
224.20
212.22
221.74
226.11
223.67
223.52
220.63
222.10
225.21
234.77
238.16
219.99
222.06
233.06
239.69
229.50
217.54
223.54
230.80
229.69
217.70
228.78
225.98
218.36
227.76
246.39
229.03
226.58
234.28
232.90
223.64
217.14
233.30
217.98
224.54
215.95
223.26
224.52
220.53
218.18
221.82
225.81
220.45
223.93
218.78
226.81
230.32
227.86
229.50
223.72
225.33
228.65
225.52
234.37
231.45
230.64
236.60
215.26
225.57
215.38
222.90
227.20
234.87
220.62
224.99
238.73
228.49
232.64
241.26
232.57
223.52
232.51
235.34
235.47
222.39
225.60
231.22
224.60
229.07
232.82
229.48
219.67
220.73
223.77
220.41
222.41
225.18
217.65
226.47
223.66
219.39
239.98
239.72
252.70
235.77
252.37
226.45
224.37
222.85
236.26
233.63
232.83
224.82
217.31
217.53
216.38
223.04
221.71
223.03
232.14
220.02
218.40
224.13
234.29
229.35
221.81
231.39
230.77
221.84
226.95
224.47
224.64
227.34
220.39
226.54
221.43
230.06
236.64
236.30
223.65
237.28
218.01
249.22
238.52
251.84
238.71
240.16
248.67
232.63
248.30
248.85
230.56
217.58
238.82
223.62
221.25
241.57
231.43
225.53
235.27
228.49
222.46
233.64
225.15
227.95
226.86
228.47
243.63
234.95
219.70
231.52
236.01
228.36
224.56
219.25
220.17
218.01
228.53
222.53
233.78
229.50
244.79
234.50
219.23
232.46
229.94
231.24
221.55
210.24
223.21
232.10
236.80
237.37
224.13
228.12
221.84
231.06
222.43
222.85
229.34
216.63
226.06
224.15
228.57
224.78
227.84
225.38
218.43
224.70
231.75
221.36
219.38
228.83
235.91
235.98
234.38
236.00
235.82
238.82
239.94
228.09
236.62
222.59
226.72
236.92
231.58
225.12
225.89
228.81
219.79
220.81
223.15
229.31
237.63
240.41
224.60
232.35
222.98
219.66
224.56
231.06
231.20
221.05
223.11
230.45
221.80
233.56
230.76
220.95
226.72
236.06
235.54
222.52
237.10
225.91
215.57
216.50
236.56
213.38
236.47
229.30
224.84
224.72
230.40
238.49
229.98
231.28
220.49
234.74
230.40
229.70
234.70
227.14
236.97
236.45
237.06
233.96
233.81
238.44
222.99
219.05
227.28
231.84
225.60
235.88
228.27
233.83
237.65
221.47
237.17
222.86
219.13
221.41
228.75
223.34
232.11
231.77
228.13
220.77
223.41
231.17
214.43
219.85
224.92
227.70
225.37
230.02
216.98
226.86
218.23
215.38
237.40
230.15
236.78
218.59
225.21
221.70
238.38
222.32
220.86
224.16
230.48
221.32
224.59
223.39
226.37
220.26
222.95
222.26
234.81
240.49
230.58
225.30
220.88
228.68
227.33
232.91
227.57
227.13
231.74
227.32
220.02
233.44
227.86
223.96
232.92
234.69
223.60
222.23
220.54
233.76
225.00
219.59
235.31
214.46
218.69
210.86
229.83
222.69
235.14
243.64
228.11
229.62
229.98
227.52
229.31
235.28
229.91
222.57
227.19
236.72
234.13
235.60
233.03
237.26
220.13
225.19
227.09
216.30
223.79
248.91
234.40
255.47
247.93
240.92
232.70
245.99
235.70
238.57
237.02
227.74
233.97
234.89
228.95
234.15
213.27
227.50
233.78
232.37
229.10
232.67
227.78
215.65
229.27
229.59
227.79
223.51
228.10
227.60
225.48
238.16
231.42
226.56
227.98
235.37
225.13
230.73
237.23
228.98
223.81
223.42
219.31
231.18
223.83
234.30
220.71
222.18
217.32
218.96
219.52
226.03
216.90
235.57
229.20
230.08
229.89
225.27
227.06
224.17
226.30
216.27
234.93
212.48
221.58
220.97
224.00
233.30
221.74
230.21
225.76
229.48
237.85
218.47
236.54
232.18
218.67
225.71
229.70
211.20
223.29
223.95
229.29
227.24
248.30
234.15
230.26
227.19
223.37
221.59
240.67
239.35
227.45
221.70
229.22
226.62
226.85
232.51
251.16
245.03
237.40
247.78
226.14
225.23
234.02
241.28
232.40
239.01
223.35
222.89
228.70
231.55
223.47
241.43
232.85
246.56
235.09
240.58
232.68
231.38
228.73
235.37
237.99
228.66
220.12
217.79
220.67
228.06
227.22
227.38
229.30
220.64
220.32
230.03
234.85
221.93
221.35
226.78
230.35
238.46
223.83
231.39
230.53
239.87
240.36
234.97
248.38
228.57
234.32
234.45
218.52
224.91
228.71
228.83
230.72
211.03
233.42
236.67
231.05
231.70
226.79
229.93
228.36
225.81
226.29
230.10
230.32
235.06
224.20
225.13
230.43
227.09
222.81
229.64
231.99
222.63
224.36
230.89
224.71
237.80
223.69
240.10
217.39
219.18
216.37
229.68
232.83
225.41
241.33
221.46
226.23
225.89
218.90
222.43
226.84
224.83
228.19
231.28
227.37
234.31
231.78
218.87
226.54
225.72
229.41
238.13
232.63
235.25
242.33
246.20
233.12
227.32
229.80
227.88
226.82
226.84
229.40
222.65
227.72
224.76
224.98
239.45
234.78
219.06
227.95
224.06
234.59
221.83
232.50
232.28
230.86
217.82
233.53
240.51
228.28
252.65
232.33
231.81
226.00
230.05
226.93
220.24
244.06
225.46
222.83
233.90
229.10
224.56
223.33
239.75
229.16
233.25
236.26
234.56
243.09
243.56
225.13
228.36
235.66
223.77
237.97
241.32
228.00
234.61
242.17
243.96
230.62
234.74
230.30
228.39
238.01
236.56
234.22
244.80
241.50
233.42
252.72
235.22
245.18
240.91
221.73
236.59
238.74
218.82
221.81
227.88
244.04
235.06
233.73
222.38
238.89
232.44
235.26
232.78
234.43
218.04
216.15
219.79
226.45
230.24
219.46
231.42
229.72
220.22
225.92
225.20
218.73
231.16
230.55
242.11
228.27
229.43
224.95
213.50
230.68
226.35
236.65
231.82
222.64
224.74
229.43
237.27
222.95
228.69
226.62
235.92
230.71
226.45
235.57
227.41
233.28
235.38
242.69
219.24
219.34
224.08
233.63
231.71
233.18
244.32
218.29
216.30
235.10
222.03
237.66
222.55
225.56
233.58
238.84
231.07
234.07
232.09
229.31
239.45
231.91
225.12
222.18
234.78
229.59
220.35
227.12
235.04
239.47
229.34
239.45
237.99
235.80
240.36
232.11
223.95
231.49
242.79
225.91
222.50
228.29
224.05
229.12
233.58
242.64
244.16
231.59
223.79
221.81
218.63
222.11
224.99
238.04
236.46
233.37
231.14
235.00
224.13
243.28
223.42
221.52
218.42
228.80
235.14
234.17
231.20
233.13
240.86
227.27
222.06
223.99
225.74
230.49
223.67
230.30
233.91
240.08
224.78
228.94
234.21
223.29
232.87
233.71
239.61
223.13
225.42
267.59
256.40
259.93
251.12
255.02
257.69
252.90
258.80
266.05
256.70
252.86
257.74
254.43
262.87
252.19
254.90
256.81
253.08
263.51
274.55
242.37
250.41
249.47
267.98
264.68
255.47
252.70
247.73
265.72
261.02
254.94
257.31
256.92
255.49
265.67
257.86
261.46
257.62
270.09
254.40
266.60
259.77
261.12
251.22
259.25
266.25
259.26
261.88
258.37
251.39
258.92
255.13
256.79
256.33
257.31
253.83
260.96
255.11
252.27
258.11
260.94
252.93
266.23
272.38
257.47
269.73
264.00
268.10
263.55
267.38
266.00
259.42
252.05
255.29
270.99
260.47
262.09
268.12
259.42
273.57
270.75
262.42
278.90
256.50
260.50
263.89
272.90
267.72
255.63
275.50
268.53
267.76
268.83
267.87
261.37
261.17
269.50
268.97
266.51
272.35
265.27
265.07
264.49
263.17
264.66
270.33
252.17
262.05
265.25
267.87
265.66
265.81
259.15
265.00
258.56
262.71
265.55
260.82
263.82
256.16
259.89
259.99
259.09
263.82
263.52
262.32
256.47
258.59
262.92
258.92
254.29
261.41
262.88
259.67
249.83
249.95
260.95
243.39
250.00
258.88
271.60
260.83
266.55
260.11
261.98
264.53
269.18
269.43
251.15
257.00
258.73
255.50
255.18
263.52
260.29
266.83
261.89
263.91
268.07
262.01
261.86
259.78
268.38
261.54
263.91
259.97
255.42
258.56
258.42
254.66
252.46
258.98
257.29
258.05
257.77
257.16
253.14
265.59
265.01
263.99
267.29
255.84
256.19
259.88
256.97
266.78
264.68
252.91
253.44
256.33
261.94
252.29
261.40
260.39
263.15
257.85
265.63
255.25
256.29
255.85
250.65
249.16
261.57
271.67
263.12
263.04
260.98
258.41
269.67
268.64
249.64
264.42
259.18
253.27
260.06
261.30
269.42
263.09
258.92
254.22
256.14
256.07
253.28
261.47
253.83
255.43
255.51
254.78
264.61
261.59
259.31
257.53
262.33
276.40
252.13
248.95
252.68
251.95
268.38
252.38
251.82
251.26
253.27
261.62
261.49
256.44
254.17
258.57
253.12
253.51
254.92
250.41
255.34
252.81
254.39
249.81
254.21
258.43
269.79
251.01
262.81
253.43
254.63
257.87
259.22
248.48
257.14
253.35
254.36
258.09
257.04
249.38
264.01
256.34
263.46
260.27
250.16
261.57
261.57
258.98
252.34
240.85
276.88
259.79
254.74
246.03
255.76
255.35
253.08
263.75
261.44
257.99
263.72
262.86
264.18
252.78
255.48
262.00
250.98
259.70
258.26
264.13
264.62
252.05
259.88
260.56
255.89
262.29
268.32
273.73
267.83
270.78
262.48
266.82
261.33
268.88
267.03
274.70
275.52
262.71
268.87
266.53
260.77
272.65
262.94
265.73
255.90
264.32
267.30
250.35
264.49
258.34
257.30
259.82
256.97
265.39
259.53
259.43
262.59
261.50
264.74
254.65
245.45
255.98
258.12
261.02
261.38
257.21
258.74
263.26
262.59
254.37
254.40
255.88
261.77
255.85
252.63
247.54
256.69
258.26
243.79
251.92
251.67
250.13
263.95
254.40
249.75
262.17
255.97
243.18
262.14
251.59
256.03
240.95
258.12
268.93
262.46
252.97
247.88
254.08
258.19
261.80
255.68
248.35
261.76
252.54
257.15
261.63
250.15
250.61
264.24
269.02
250.88
252.23
257.86
246.91
256.69
249.76
260.88
259.86
253.71
254.58
255.17
253.88
257.04
265.08
266.73
252.90
258.26
259.45
252.29
253.21
262.14
260.22
264.92
251.43
253.68
257.12
261.34
257.80
249.71
268.39
272.55
279.55
275.29
277.31
271.05
277.23
265.14
258.04
269.53
267.70
265.84
262.79
266.65
269.94
253.60
258.07
254.66
254.79
259.02
259.17
261.10
252.73
259.19
267.74
248.16
250.55
252.76
248.77
254.45
252.65
246.36
252.21
242.27
247.87
261.54
249.10
246.71
239.24
251.16
244.83
259.33
250.50
259.49
256.72
258.97
257.89
250.77
254.24
257.28
259.91
242.34
244.66
265.39
266.89
255.45
251.41
261.75
262.13
261.56
250.14
249.63
248.95
257.34
261.73
258.01
242.58
253.46
258.42
253.13
253.17
257.03
263.35
269.96
255.20
255.51
254.28
254.54
237.55
251.75
260.11
263.75
245.28
259.28
261.03
259.44
257.16
253.69
242.45
252.30
252.66
255.40
257.59
256.89
250.05
260.87
250.02
249.47
258.22
260.68
253.79
242.12
260.39
257.76
258.98
257.59
259.76
245.65
257.39
253.59
244.52
254.50
253.18
252.77
258.11
254.64
247.74
252.29
252.67
256.92
256.52
257.76
258.11
257.53
251.63
254.30
250.05
252.04
254.69
259.85
256.91
270.05
261.73
258.81
258.07
261.60
255.55
255.48
264.49
260.08
260.48
262.37
251.23
258.97
253.25
253.22
257.09
245.30
258.96
257.90
252.25
241.02
251.42
265.44
269.07
256.22
257.61
259.61
258.61
255.34
253.27
267.98
249.53
253.12
254.92
261.37
258.40
263.89
264.25
257.33
257.09
248.75
248.62
264.65
254.93
256.74
245.68
265.97
260.55
245.22
257.98
262.53
261.98
260.64
263.59
257.02
252.31
257.46
257.19
255.31
262.71
249.10
263.98
264.84
265.88
254.93
252.91
257.12
264.94
264.67
256.47
246.58
257.21
269.09
255.86
255.88
254.98
253.61
266.08
250.84
256.11
257.65
247.50
261.42
256.79
244.03
258.41
252.63
255.23
260.01
261.91
262.28
248.50
250.87
254.43
263.55
251.08
249.97
250.55
254.39
258.95
256.53
239.28
256.12
258.95
247.97
253.98
243.47
267.62
242.75
242.99
251.88
257.49
250.89
231.45
256.28
254.91
254.89
246.24
246.72
251.59
241.91
249.45
251.36
256.12
264.04
249.37
242.86
244.23
242.82
238.75
236.59
233.74
241.71
236.87
234.38
235.64
241.48
250.37
239.63
243.05
235.67
243.18
240.39
229.40
222.57
237.08
225.04
222.88
235.77
237.35
234.03
231.35
230.54
223.37
237.28
230.16
234.45
225.02
234.40
216.08
231.03
234.56
220.60
224.53
245.57
228.76
223.50
200.25
227.75
239.30
233.83
230.68
222.53
224.30
224.59
225.90
227.39
227.48
229.15
227.61
225.23
229.68
221.84
218.90
234.86
240.09
225.61
222.82
230.93
230.56
215.77
216.70
224.80
226.89
225.76
228.70
224.33
228.19
234.81
227.71
229.12
210.67
221.98
229.32
225.94
232.98
211.60
219.44
220.24
234.48
242.18
224.60
221.05
223.90
226.07
224.50
226.78
220.71
228.14
231.47
219.93
236.00
229.92
240.91
230.97
224.94
233.01
230.98
232.67
235.45
229.40
208.23
215.97
231.37
232.71
229.16
233.63
220.35
218.10
224.38
240.95
232.23
235.47
228.77
233.21
227.41
225.48
237.13
230.83
223.61
234.43
219.79
234.68
237.70
228.87
226.63
227.61
228.06
225.79
235.10
215.85
225.56
209.05
228.96
214.63
225.34
234.06
225.86
223.78
230.43
232.75
237.02
226.51
229.33
213.66
225.20
239.36
217.52
237.31
215.89
224.41
220.12
222.50
225.97
227.75
227.46
224.22
230.48
232.69
229.41
224.54
233.30
224.16
216.81
225.19
222.42
209.79
220.46
233.99
219.57
214.84
220.61
233.61
217.55
235.36
227.52
228.04
235.60
232.72
230.36
228.96
228.78
223.98
220.89
240.84
229.31
221.76
216.74
226.21
219.94
224.12
228.32
220.01
232.74
230.17
231.79
221.36
219.84
232.68
225.73
219.12
220.02
238.38
229.60
229.73
216.46
230.23
220.70
231.93
233.83
227.09
232.42
229.10
242.90
233.46
235.15
217.72
224.12
232.75
227.03
227.31
239.13
226.94
226.35
219.69
226.93
231.71
226.20
231.64
231.71
237.20
225.33
225.90
220.80
236.33
232.55
229.78
210.00
220.92
219.45
221.01
225.35
226.14
221.52
231.33
223.96
231.68
225.09
224.23
228.99
214.28
226.20
216.10
223.50
223.87
223.98
214.51
227.96
219.35
226.31
225.79
217.40
215.28
223.88
224.47
224.26
212.97
223.40
229.75
218.65
231.87
232.38
215.13
228.42
233.45
221.57
209.85
226.65
231.42
215.31
228.29
234.96
245.08
230.35
225.31
222.03
234.11
221.60
224.98
224.00
222.80
237.22
225.89
221.07
234.20
220.92
227.84
226.46
216.64
229.23
225.66
227.46
223.63
229.91
215.42
230.29
231.22
219.67
217.65
218.75
226.14
226.89
223.71
228.30
230.84
217.22
219.81
218.49
225.47
228.61
227.77
228.20
232.38
231.82
212.71
226.34
221.67
227.75
235.73
227.81
217.71
232.03
232.60
219.78
230.96
236.26
226.24
229.57
220.29
219.32
221.15
243.00
219.80
223.01
224.54
225.66
240.59
220.79
247.23
212.06
216.45
213.04
222.32
219.56
221.48
215.28
214.78
214.61
226.22
216.62
212.14
227.17
233.70
217.12
221.72
221.03
226.52
233.87
230.45
232.53
226.90
217.82
224.30
215.23
216.71
228.32
224.01
237.40
218.52
218.04
222.17
209.59
220.81
227.20
222.80
226.18
225.51
241.07
220.19
234.97
219.14
220.21
235.63
229.31
225.54
229.91
221.08
221.18
228.27
227.57
232.29
222.95
219.81
222.36
222.91
230.17
220.35
227.29
230.03
224.03
220.42
225.30
227.26
211.62
218.53
220.73
221.13
228.62
231.30
224.86
256.20
248.14
258.23
255.82
254.60
278.22
261.08
273.18
261.39
256.28
265.18
263.60
251.47
263.30
252.92
246.29
250.58
248.93
258.37
257.78
256.01
257.64
264.02
262.56
253.94
246.75
252.42
248.84
251.59
257.81
261.43
261.31
259.10
260.23
255.03
251.11
253.51
263.01
256.85
264.59
253.81
252.35
260.04
260.13
263.68
264.50
262.84
255.11
259.29
262.23
263.40
261.76
245.98
255.49
251.02
252.18
260.91
247.59
246.25
250.58
264.45
260.37
254.22
263.47
258.62
264.94
252.37
260.99
253.58
262.49
263.52
265.23
252.55
249.70
257.30
260.59
256.42
259.87
255.82
264.25
251.76
262.24
252.34
257.87
255.04
264.99
247.61
252.15
251.26
258.90
261.17
266.07
257.31
262.86
256.02
247.09
252.54
251.64
262.09
252.62
253.31
274.34
254.29
263.33
258.24
260.06
253.46
249.49
244.09
249.05
248.47
249.60
262.23
259.27
258.35
258.13
249.85
250.30
257.53
251.36
260.07
248.64
247.11
263.82
254.92
255.76
265.47
253.26
250.67
241.82
253.37
245.97
248.43
258.93
256.29
260.20
262.99
267.40
256.04
257.32
257.99
260.12
260.29
252.63
263.05
264.68
258.61
250.98
257.20
261.28
256.77
256.55
252.39
255.68
257.83
252.12
261.57
261.90
255.28
252.06
252.47
253.24
247.73
256.37
255.92
248.54
250.35
257.05
257.61
262.76
255.20
259.08
255.13
263.89
254.96
263.19
257.44
252.58
251.96
252.53
251.58
254.60
254.96
266.68
258.29
260.79
254.19
261.33
253.77
257.30
264.54
262.22
252.39
263.05
255.75
259.27
248.40
265.40
262.05
261.49
255.18
258.97
259.39
263.34
259.99
258.16
250.68
270.24
243.08
249.65
254.25
250.17
256.54
261.33
267.39
250.53
266.98
258.78
250.16
247.57
258.46
271.46
267.76
266.20
253.66
259.87
262.00
259.59
262.25
262.41
266.55
249.15
251.53
250.92
248.55
267.35
250.85
274.37
255.05
260.23
252.40
259.55
256.83
246.57
259.15
255.99
256.22
256.33
260.81
251.40
258.64
261.20
259.91
252.92
248.59
251.70
244.33
250.93
252.63
254.50
255.08
245.61
250.28
255.73
254.87
248.19
248.76
250.20
243.77
244.66
249.31
251.24
240.95
242.31
243.91
242.92
242.24
238.59
250.93
260.17
244.16
248.17
247.69
244.20
240.90
238.85
237.50
243.30
248.80
239.06
245.83
251.48
236.24
241.66
248.79
241.19
235.63
243.09
240.18
242.22
255.11
254.59
238.94
243.00
232.52
241.96
249.18
249.38
250.30
232.63
242.29
253.41
240.07
237.67
238.71
246.16
242.19
253.58
247.26
250.04
243.57
240.32
260.55
252.10
256.16
259.83
259.29
268.02
256.39
260.92
265.11
263.74
255.65
266.95
266.55
259.50
265.18
256.49
258.72
259.25
262.63
268.57
260.32
257.22
263.64
257.39
260.92
267.46
258.04
268.57
262.54
264.87
263.71
254.27
255.83
254.30
261.62
265.25
267.34
260.93
260.83
263.47
265.54
261.72
259.96
263.36
259.90
272.02
265.40
261.55
260.81
261.85
254.18
258.22
268.25
260.36
264.07
273.62
255.02
257.29
252.61
258.99
264.91
270.14
260.04
266.69
261.24
264.91
259.43
269.99
268.74
263.91
271.56
267.16
255.85
264.60
252.86
265.18
273.90
254.73
256.22
261.74
268.16
263.96
257.16
267.59
265.60
254.99
257.20
260.61
258.80
260.31
259.26
270.83
259.42
258.19
265.22
263.82
258.42
253.61
256.17
262.71
257.88
251.29
263.76
260.59
258.62
252.94
246.49
264.31
267.60
259.57
252.81
262.51
263.70
259.24
253.06
270.58
257.03
256.01
255.63
252.06
262.56
253.68
258.34
259.75
258.86
269.39
262.25
254.84
258.31
275.85
273.46
248.64
253.66
252.22
250.05
265.67
259.57
254.66
261.35
261.44
264.87
261.08
260.70
255.27
273.39
263.80
257.25
264.83
249.91
261.34
260.24
258.31
265.81
262.67
258.74
267.41
254.90
257.21
263.92
260.46
267.45
256.82
256.34
267.32
255.62
263.91
264.00
245.92
264.40
263.95
261.93
256.89
259.21
265.70
258.06
262.55
251.91
263.11
252.18
254.93
257.96
255.33
252.29
254.07
251.78
260.81
252.95
258.81
253.56
252.43
257.88
263.21
261.92
254.69
255.34
263.95
251.34
253.43
263.57
256.44
262.27
252.63
254.92
255.13
257.38
261.42
266.77
260.71
257.92
257.70
253.92
260.45
258.60
261.41
245.77
255.73
258.90
247.26
255.48
254.29
266.32
249.03
264.09
256.50
249.81
260.98
257.97
249.64
254.97
250.41
250.11
255.16
260.24
258.70
264.98
258.23
264.85
253.18
264.84
250.80
264.31
252.54
248.38
259.99
250.94
270.06
264.60
258.98
250.70
254.32
256.76
261.31
251.12
253.15
250.25
255.27
258.41
259.24
257.96
250.62
254.70
269.08
266.02
265.54
259.99
252.78
263.73
252.04
255.16
254.78
261.36
256.56
251.62
264.93
254.35
253.97
248.94
270.54
258.57
254.26
257.06
257.76
254.21
251.71
253.87
252.12
256.41
254.26
247.24
257.08
263.09
249.50
257.74
263.61
266.64
245.85
259.32
251.99
257.41
255.78
249.06
252.63
254.87
259.60
260.82
256.04
247.32
259.43
262.83
267.53
265.25
256.94
265.59
261.21
259.01
267.38
265.87
260.81
260.41
251.93
246.60
261.08
265.94
269.17
257.11
249.00
258.61
258.58
261.86
259.45
237.73
252.03
244.51
255.56
265.25
252.21
249.70
260.30
254.16
250.73
253.43
259.17
257.54
269.36
258.15
259.45
260.89
255.73
243.62
251.73
255.60
257.44
247.58
261.87
250.64
251.50
258.02
248.63
266.14
251.99
260.96
253.29
249.36
249.51
258.63
260.27
260.01
254.75
264.87
261.67
252.12
255.31
251.22
260.99
258.12
255.54
250.97
251.09
266.97
255.74
256.43
250.45
251.64
254.09
256.88
254.53
254.52
256.63
255.75
249.08
259.60
265.21
260.80
263.14
249.11
255.06
262.21
265.01
258.37
264.44
264.23
262.16
252.62
259.09
252.75
258.67
248.70
251.89
256.83
257.01
253.09
257.52
251.94
245.34
257.83
256.90
260.86
255.31
250.71
256.05
250.27
261.39
261.32
256.49
270.00
259.00
259.03
259.02
258.66
260.88
261.27
260.57
260.77
252.92
260.55
263.40
252.76
257.07
254.56
243.56
256.91
258.75
249.95
254.69
246.98
258.14
252.25
254.80
251.86
251.99
255.41
260.18
264.14
261.18
257.42
265.31
255.06
251.51
256.44
263.78
273.08
248.25
253.23
246.10
255.81
251.26
262.75
258.58
257.03
257.36
264.60
261.78
254.24
267.55
252.16
251.40
261.44
254.91
261.46
260.16
247.44
263.65
241.17
251.89
257.01
264.10
258.13
250.91
249.44
252.92
254.81
254.63
258.92
262.52
258.89
251.39
251.49
259.94
254.54
253.82
250.13
244.08
254.64
248.16
255.11
253.73
250.87
258.27
252.64
256.11
245.80
244.25
235.53
243.17
237.67
242.24
235.11
248.68
239.48
237.51
232.05
232.98
233.52
225.32
242.74
245.03
238.33
234.77
226.68
222.17
232.79
240.46
234.40
228.62
226.45
225.92
229.18
230.96
229.15
228.65
220.44
234.04
225.25
236.30
233.74
229.17
236.18
224.84
228.30
228.42
223.44
237.04
230.67
218.05
224.95
229.13
211.46
224.55
229.31
226.07
234.18
225.44
222.88
232.29
236.07
244.14
229.51
227.98
214.28
216.40
236.78
219.51
222.93
236.26
238.70
230.96
227.59
230.63
230.93
239.94
230.31
222.85
229.72
247.58
217.67
226.42
229.34
237.95
232.43
222.82
219.74
230.75
244.76
237.75
225.11
229.18
230.07
229.91
227.48
225.11
234.13
219.65
236.77
218.65
246.96
228.13
230.31
224.35
224.42
223.29
223.34
223.87
223.32
220.97
225.59
225.71
223.02
227.65
217.67
234.29
225.61
235.72
217.15
219.04
222.51
227.40
223.03
224.30
233.24
216.07
228.73
224.34
220.80
219.62
221.26
215.76
225.51
226.44
219.71
213.69
212.16
227.70
222.99
217.31
225.13
216.61
228.19
233.08
225.45
219.32
225.36
216.52
219.57
223.53
227.31
222.29
234.46
214.56
226.52
215.58
224.85
221.30
219.03
218.92
220.78
222.06
219.58
221.28
221.35
235.88
230.74
235.09
224.88
227.53
231.33
227.98
221.07
215.45
235.28
231.71
227.04
227.43
234.08
216.42
229.58
241.30
230.45
216.24
217.02
214.33
217.59
223.30
231.23
233.57
220.11
231.40
219.74
217.96
228.66
226.26
227.39
236.47
224.09
225.17
221.48
226.59
225.54
232.05
227.06
217.76
229.55
241.45
228.39
230.66
231.90
230.90
226.77
227.08
231.96
234.58
214.88
234.11
234.06
240.87
232.57
217.96
211.63
229.84
225.71
224.02
218.73
232.24
226.43
218.70
228.60
225.44
217.38
229.67
222.18
229.63
220.86
223.36
222.33
225.86
232.30
225.93
233.35
217.81
223.42
224.67
229.30
216.27
237.25
217.80
220.11
221.94
227.56
227.27
219.26
225.10
221.45
215.43
218.23
212.30
231.71
222.37
230.28
231.70
231.79
232.75
217.31
226.03
228.43
213.04
244.09
218.80
224.16
217.21
222.38
222.07
226.76
233.86
219.10
222.92
226.46
220.03
229.57
230.39
233.33
235.71
227.60
228.85
229.50
220.69
239.17
226.36
227.25
220.40
232.73
223.62
221.75
219.05
223.30
224.81
229.66
216.29
217.27
224.26
220.78
230.70
226.31
225.98
221.57
228.57
219.12
221.34
215.31
232.86
226.98
225.74
219.99
233.10
213.66
232.45
227.56
220.89
223.83
228.46
222.42
242.55
224.80
219.08
238.66
226.07
226.18
223.69
225.30
223.57
234.31
224.01
232.16
220.04
221.44
233.50
229.07
218.87
216.80
225.77
218.63
231.47
228.34
235.03
222.22
225.51
224.37
222.82
222.03
226.92
220.70
221.78
221.93
228.09
222.58
229.49
221.11
215.11
234.45
230.37
215.33
229.21
231.63
238.54
223.79
227.90
227.19
222.43
231.39
218.88
231.55
235.48
222.04
232.48
228.35
231.28
227.94
222.89
226.47
220.92
221.54
215.51
229.83
224.21
237.72
220.98
228.25
221.94
236.74
233.18
226.32
226.66
224.46
221.26
227.44
230.94
223.72
217.03
217.43
230.85
265.50
257.63
257.74
256.07
254.94
251.61
252.69
256.26
254.75
260.84
249.49
250.59
255.00
253.15
255.10
251.97
261.55
262.62
266.06
257.51
261.72
268.79
259.35
251.77
252.04
258.92
261.56
261.46
249.73
245.69
268.19
265.07
260.85
258.86
249.13
258.28
253.01
256.78
261.70
256.84
260.05
260.14
255.12
259.99
264.01
242.21
252.18
253.72
266.03
260.00
255.80
264.51
249.37
253.13
262.56
258.84
253.13
260.83
259.29
257.78
261.44
252.99
264.04
248.88
253.89
267.20
257.43
264.27
259.77
259.55
272.24
254.26
249.66
252.36
258.07
262.26
262.79
251.53
248.28
258.12
255.90
266.21
255.32
267.41
260.30
260.24
249.65
259.11
256.60
255.92
256.06
255.46
252.49
258.15
267.42
261.62
263.20
256.03
251.78
258.09
254.78
262.88
264.43
259.80
252.95
256.33
257.70
252.67
255.25
274.88
256.13
264.96
257.64
254.19
257.02
259.37
265.05
253.78
268.40
267.20
254.09
253.25
266.60
260.75
259.55
262.98
265.60
251.65
254.42
267.24
250.19
260.84
262.42
257.26
261.97
261.61
256.13
255.74
260.29
256.54
262.31
261.21
261.68
260.20
257.14
249.15
257.00
262.72
250.05
253.94
258.93
262.19
252.38
263.44
247.22
253.77
254.94
262.90
260.83
260.82
260.13
260.01
258.86
262.36
263.66
260.20
261.01
257.48
267.44
258.79
263.59
246.28
264.57
252.98
253.36
262.31
260.29
266.45
263.68
249.85
261.86
265.13
262.00
253.16
248.76
255.99
255.38
252.50
255.84
263.05
255.68
247.47
256.42
267.15
255.82
259.42
256.14
253.27
260.68
258.02
257.43
249.61
256.90
263.85
257.50
263.27
258.57
260.20
265.75
255.70
263.69
250.72
262.24
269.99
255.29
258.49
265.06
261.02
254.11
258.77
257.69
261.85
260.15
261.52
262.78
273.52
260.16
256.32
248.92
248.30
265.18
263.72
262.44
270.72
253.54
254.95
260.40
256.11
261.75
259.70
262.29
250.71
258.72
257.10
261.06
270.67
265.67
263.49
254.03
268.16
265.19
264.46
256.00
260.37
261.79
269.01
267.13
266.59
272.53
274.30
264.77
272.56
270.29
264.53
257.31
272.86
273.68
258.95
264.55
259.55
256.72
264.52
270.53
256.95
276.31
252.35
253.94
269.26
253.84
255.75
280.48
259.28
255.08
255.15
254.95
256.91
271.79
257.20
253.73
267.94
253.45
252.84
248.65
251.41
251.97
258.10
260.99
259.20
245.02
261.39
261.09
270.92
253.49
252.32
244.90
255.35
255.60
253.51
254.30
252.61
272.13
243.70
260.08
256.63
260.96
252.03
255.63
251.34
254.92
256.01
257.22
254.52
259.29
254.58
257.96
266.18
265.42
258.54
255.96
267.81
260.82
251.81
253.33
261.60
257.17
269.92
252.34
253.68
256.33
254.34
247.55
248.63
265.02
251.56
254.70
262.53
258.26
257.96
261.07
258.90
268.15
262.68
258.69
256.06
254.11
254.38
260.49
259.69
248.31
267.16
253.19
260.81
255.32
258.94
257.82
262.61
264.90
256.09
253.79
259.90
257.74
255.09
266.59
248.72
256.93
253.81
253.60
258.90
254.47
255.22
261.50
254.64
258.66
252.52
255.44
258.28
255.85
258.61
260.23
254.49
255.32
246.90
250.75
249.28
264.98
258.98
251.87
258.59
265.50
261.78
251.99
253.70
251.39
259.67
267.75
251.10
252.96
262.89
252.46
247.98
254.78
258.32
259.14
248.02
253.13
252.39
266.09
264.75
267.65
257.57
255.51
259.21
257.96
257.19
254.78
259.87
250.31
252.64
252.67
247.95
265.04
249.20
266.35
268.47
264.44
252.92
266.05
250.65
251.61
272.91
259.89
265.08
252.30
263.77
268.49
265.34
256.20
258.32
253.42
249.18
264.68
257.20
257.97
265.79
256.32
227.59
218.53
234.54
228.28
228.66
204.61
234.47
232.19
233.23
231.06
226.82
234.12
223.94
227.79
224.44
231.97
218.47
257.72
256.64
265.04
260.13
266.98
263.72
259.21
261.72
251.72
253.91
256.91
259.48
260.51
268.94
266.27
265.35
260.97
269.90
263.80
269.56
254.88
248.68
257.54
268.28
256.88
252.72
267.07
252.19
265.30
265.63
253.80
253.59
248.92
258.12
252.26
254.30
253.20
268.18
256.89
258.45
261.28
266.60
259.10
261.70
259.59
251.39
250.77
251.16
265.42
258.92
257.07
263.80
261.62
257.24
264.80
256.25
255.20
252.80
263.40
261.48
264.88
253.35
263.91
256.43
254.00
262.18
252.94
261.51
270.96
264.21
259.02
248.18
261.33
251.50
254.01
246.77
261.01
261.94
262.23
261.22
265.12
257.95
254.41
266.11
257.84
264.47
257.76
254.62
260.13
254.28
261.95
258.02
257.32
264.79
260.57
260.66
263.13
249.17
254.62
259.75
259.62
265.42
266.46
262.22
273.97
258.11
262.13
253.42
250.24
263.12
250.97
263.34
248.41
256.04
283.28
259.07
256.78
260.53
255.94
257.34
255.67
272.18
260.81
276.57
257.66
271.80
261.99
271.77
268.25
270.50
266.83
262.67
259.55
269.46
263.21
262.68
261.43
251.32
262.43
265.22
272.40
266.08
266.22
241.59
235.41
245.08
242.65
230.75
237.86
241.33
232.49
229.37
229.85
230.32
240.43
228.70
231.95
234.35
239.89
228.12
240.10
224.45
235.79
252.36
240.45
239.46
243.74
230.66
246.03
236.10
223.86
231.38
219.98
214.12
218.10
228.15
218.51
230.37
225.55
218.46
242.39
231.32
229.23
226.84
217.29
222.76
231.46
232.20
236.67
226.05
227.94
212.28
233.28
219.77
222.56
220.07
239.13
218.75
207.17
224.60
215.48
219.33
224.73
229.19
227.70
215.41
225.87
236.50
235.97
220.07
230.27
239.29
225.44
239.98
216.88
219.66
220.17
238.90
234.29
215.72
229.26
228.66
230.37
235.15
238.01
217.23
230.27
229.39
222.53
228.24
227.68
212.33
222.14
236.09
226.58
216.48
222.56
223.38
234.03
235.62
219.22
225.23
229.29
222.19
228.98
214.61
226.76
223.37
225.31
224.32
232.48
220.24
234.61
225.28
227.09
229.56
216.03
221.02
214.16
231.15
230.43
217.73
216.79
217.46
218.48
220.73
223.00
230.90
220.19
226.62
230.23
212.83
221.39
223.19
214.23
230.54
213.93
224.80
233.39
252.45
219.28
226.39
218.38
226.99
224.56
217.65
234.23
211.40
225.56
232.58
229.44
222.35
229.33
222.23
214.15
228.75
222.62
218.34
219.12
229.72
221.44
231.99
234.33
222.52
225.81
218.02
230.77
220.10
228.19
228.93
222.68
217.99
231.91
214.41
224.31
234.98
220.75
236.40
234.08
214.57
232.35
227.06
209.50
233.65
225.22
236.99
225.75
217.17
229.46
227.35
235.26
217.63
223.08
210.64
216.72
221.29
226.22
225.87
223.85
224.48
224.77
238.39
230.40
222.54
233.55
223.09
222.30
213.66
232.40
218.69
211.16
220.48
226.99
228.57
220.91
221.68
235.76
228.29
223.96
227.09
228.07
227.76
224.81
216.67
241.99
216.97
221.76
224.09
232.44
219.84
232.86
228.99
228.21
227.35
228.53
224.72
222.63
227.92
221.64
229.83
222.90
230.28
230.73
223.98
234.41
232.08
219.59
238.94
234.64
228.02
227.58
226.50
227.21
220.69
218.78
224.15
243.17
232.70
225.99
234.69
225.65
228.63
221.07
222.25
224.28
224.53
234.26
224.93
228.45
238.37
227.82
217.48
231.37
220.63
236.33
236.90
218.31
213.62
223.92
223.91
225.43
235.47
233.14
226.30
225.92
220.55
227.61
221.11
232.58
233.69
226.84
227.63
222.44
227.06
227.25
210.87
225.91
222.43
220.33
223.71
212.53
226.81
223.27
222.74
227.06
222.20
222.50
220.60
223.96
224.35
231.64
218.07
210.59
224.84
230.36
235.23
235.59
244.00
227.17
233.71
242.07
220.52
221.44
215.51
231.11
220.90
227.32
211.46
217.32
209.21
224.74
238.82
247.33
236.51
219.52
235.98
226.12
225.42
229.03
236.63
241.97
224.71
234.14
221.56
234.77
228.79
229.77
245.41
235.98
235.87
223.98
220.88
229.36
233.27
211.95
230.10
224.18
231.09
230.60
227.74
227.95
218.78
216.85
231.12
228.38
228.17
229.97
224.69
226.49
227.22
220.38
225.38
233.31
215.90
230.22
240.91
223.79
221.99
224.41
234.97
215.39
243.82
221.61
215.87
219.62
230.34
248.54
231.53
228.07
218.35
232.96
225.13
236.98
233.05
235.47
236.62
247.03
257.62
264.48
255.93
269.39
261.41
263.21
277.11
262.65
263.77
269.71
256.23
264.03
256.37
257.67
272.57
254.98
268.44
266.48
259.92
256.42
251.98
258.45
260.46
257.46
262.92
248.98
251.45
269.19
253.86
264.50
257.63
265.77
256.82
259.80
269.11
260.93
257.93
268.27
260.24
251.75
262.92
258.50
255.33
259.99
256.37
262.26
248.77
252.30
265.61
267.52
261.63
262.46
258.78
260.43
267.29
267.26
258.93
257.74
269.66
268.97
249.05
248.12
251.17
258.61
262.68
261.58
254.11
248.40
252.77
255.85
255.80
255.22
262.56
250.33
258.64
260.04
254.14
246.84
251.40
254.82
260.31
267.15
263.45
253.28
254.49
249.34
261.51
258.79
248.27
265.24
256.36
267.00
266.99
259.96
265.38
267.35
264.37
260.69
261.12
256.50
257.98
264.79
257.37
257.39
264.28
261.00
255.80
259.69
259.50
251.23
264.80
254.74
264.35
267.56
260.59
261.62
261.75
252.00
258.60
253.34
261.80
275.61
261.79
259.57
263.50
264.08
270.80
259.58
258.03
255.04
262.76
262.76
263.90
264.59
279.02
265.04
256.26
248.24
260.11
259.25
257.94
261.89
260.45
265.63
258.97
255.50
250.64
253.63
257.09
255.81
255.63
261.18
263.01
254.98
259.34
256.85
251.92
248.62
258.80
263.08
274.47
265.19
263.08
278.77
270.84
263.96
276.49
266.60
271.14
265.71
273.29
265.95
270.34
262.40
274.21
276.12
273.08
267.78
257.00
266.93
254.30
251.27
265.04
249.23
247.58
250.82
255.18
255.54
275.43
263.26
250.64
250.28
249.12
268.11
263.98
260.04
268.86
248.39
247.07
255.52
258.25
255.56
253.89
258.88
265.91
262.02
264.33
255.69
254.44
256.83
262.06
256.77
251.50
256.64
256.42
252.80
259.71
252.30
254.22
256.15
254.70
254.86
249.95
266.76
261.25
274.09
254.93
259.25
257.43
266.97
256.70
249.50
256.23
260.17
250.11
262.51
255.74
251.66
264.68
248.93
259.05
259.70
253.44
256.30
259.15
257.86
259.06
257.89
256.53
257.98
257.45
252.12
243.36
248.83
263.51
246.06
252.22
261.40
260.82
260.39
257.76
249.12
260.28
263.36
247.17
265.03
272.50
254.04
244.23
247.23
259.91
254.16
249.34
261.11
251.01
255.74
250.57
262.18
260.75
247.92
256.63
257.84
244.99
244.37
247.36
258.66
261.92
254.45
269.20
261.03
265.81
261.47
251.99
263.57
250.99
255.66
259.96
261.13
256.77
255.75
252.28
268.03
251.36
254.21
260.74
260.54
250.26
262.65
254.34
245.23
261.14
266.13
255.56
255.39
257.36
266.92
255.49
251.06
257.08
255.86
256.24
258.34
256.38
260.02
266.88
253.99
255.89
251.11
255.34
253.33
249.77
251.70
265.05
261.21
268.58
251.78
253.04
246.16
247.47
252.53
258.63
260.57
259.94
271.20
249.25
255.50
255.24
254.76
259.01
260.21
259.84
257.13
252.81
259.54
262.83
245.92
254.72
257.00
267.79
261.06
267.06
256.54
261.94
259.86
256.47
261.10
260.23
247.83
255.17
247.59
272.23
263.96
267.50
264.52
253.83
257.37
253.12
257.19
250.33
267.40
257.03
256.83
253.52
257.18
256.71
260.93
254.02
254.19
256.48
263.83
255.95
262.66
256.32
260.85
263.40
254.07
257.71
260.36
254.13
255.78
256.20
263.46
253.38
255.91
250.20
252.47
277.14
266.41
258.60
261.69
264.43
250.96
247.19
251.22
255.41
252.21
254.96
266.26
257.01
264.89
265.93
263.59
268.96
264.61
