0.000000000000000000e+00 -2.066415356133950443e-01 4.015467886070863690e-01 6.011554273742394372e-01 4.244379516950387843e-01 8.922547970679723939e-01 4.166943397246130054e-01 -8.508581711686373783e-01 4.485667761755884886e-01 -1.154455954540785645e-01 8.556099512041671906e-02
1.000000000000000056e-01 -4.326588563203925819e-01 -1.431048030778970526e-01 7.965395962579624456e-01 -9.997581503080629761e-02 -2.381318223401748257e-01 -2.828326054255165256e-01 -5.842612573901773132e-01 4.181450348078564194e-01 -2.569530908122807933e-01 1.110277861492036999e+00
2.000000000000000111e-01 7.266092096482213991e-01 -1.177655769018515652e+00 3.701175974497197818e-02 1.307999083932395612e+00 3.593059477060446261e-01 8.114396821037564433e-02 -2.303310961754841124e-01 8.788109356486013546e-01 -2.054491681551815496e-01 3.592255105334493659e-02
3.000000000000000444e-01 4.783156352662620847e-01 4.973525832761542531e-02 -4.709927795237674880e-02 -3.586005711366662130e-01 -1.730789746010273911e-01 5.239561582533423800e-02 -5.399746882877811682e-01 6.758078524163095846e-01 2.776552001638701514e-02 -8.529376236999559602e-01
4.000000000000000222e-01 -1.452490281626285906e+00 -2.588457542215130691e-01 -9.454318450067200619e-02 8.124876874419744155e-01 -9.843412662068705410e-02 -5.181029280442982499e-01 7.909873839862496814e-02 2.859577316577185946e-01 1.832356071917630169e-01 -4.522185202300306739e-01
5.000000000000000000e-01 8.698959031787731888e-01 -7.611116751425837101e-01 2.497374626424452015e-02 1.879627215986766908e-01 -5.237338173431047572e-01 -3.986945128307626818e-01 -5.621716914700205514e-01 -4.737254531817364916e-02 -5.015372887089635245e-01 -1.750487243081635252e-02
6.000000000000000888e-01 2.452466442424641735e-01 -2.812319243802690119e-02 3.266437100281044947e-01 -2.802550962503129184e-01 -3.321230533598255041e-01 7.383322604056319349e-01 5.611577126864093767e-02 8.487180073735342903e-03 1.889318853075020593e-02 8.735614724984593071e-02
7.000000000000000666e-01 6.467542886267618751e-01 -7.479134973578625833e-02 3.400297317641006734e-01 1.678130822742137374e-01 6.537991829056678805e-02 2.331728364634048367e-01 1.541707203042145535e-01 6.217789553973778194e-01 2.006495365090773253e-01 -6.257377418620777565e-01
8.000000000000000444e-01 -3.936263040738632313e-01 2.233289875936413094e-01 -6.476708448473527113e-01 -5.491053307515239013e-01 3.254016811611174509e-01 -6.934703076683697009e-01 -1.109010586585121722e-01 -7.101131999997625233e-01 9.073903551307824777e-01 -1.189469844364484871e-02
9.000000000000000222e-01 5.570605073945373853e-01 1.258457041009352739e+00 3.474503120198735306e-01 -4.744966390329868888e-02 4.545620283115917593e-01 -1.404871834921885387e+00 8.072191354375037875e-01 -3.325572796151212707e-01 9.165963196829851611e-01 4.451831246033117195e-01
1.000000000000000000e+00 -2.983804513925933377e-01 1.317226656134074317e-02 3.449736237658021509e-01 2.302503977094395027e-01 -3.062757295160109527e-01 7.433172315943541442e-01 -1.135618790557384183e-01 -2.406752748269908315e-01 4.850910553039188278e-01 4.789237109792836011e-01
1.100000000000000089e+00 -6.408807075340909876e-01 -8.747438950126132373e-02 5.336296266016118395e-01 -1.152055480243485253e+00 8.243754439679490398e-02 -1.847896034551929981e-02 -2.638103981029319423e-01 1.914671971883171453e-01 3.565140890724928235e-01 -9.866101220958052309e-01
1.200000000000000178e+00 2.909991059419435033e-01 7.965101113060225613e-01 -9.975558278062267303e-02 -6.890502216682862224e-01 7.601736155132104988e-01 -3.331608011445020834e-01 -6.559490701514743005e-01 -5.939621713965400618e-01 -3.521205204779733755e-01 9.336607499671514265e-01
1.300000000000000044e+00 -4.942085961683509998e-01 3.455642021354232152e-01 9.865269799702795772e-02 6.421554461959978477e-01 -9.161716519487494992e-01 -6.850633596444475337e-01 3.255485994451217113e-01 -2.114550972723519828e-01 1.400128060319375811e-01 1.854467107493021349e-02
1.400000000000000133e+00 3.885842777393097580e-01 8.661303703024680889e-02 6.717505011882983768e-01 -3.952675640734998330e-02 -5.970549930432875185e-02 -3.885916579334933729e-01 3.478294139733765777e-01 1.381501871161490598e-02 3.736895250315844241e-02 1.188906713672094551e+00
1.500000000000000000e+00 1.656949301283247855e-01 1.551100016324299391e-01 7.688165348282775813e-02 1.051419864798994463e-01 1.433975826649976082e-01 5.499917236283768940e-01 1.228110679925289855e-01 2.007720887295317558e-01 1.591423921903211691e-01 2.454890068005889381e-01
1.600000000000000089e+00 1.364985266114760454e-01 3.501552533328338157e-01 5.189843909739087768e-02 4.244398935503475578e-01 -2.092179877817059719e-01 1.240131428925249218e-01 5.536381427422797374e-01 9.773279710678284271e-02 -2.386157622872838169e-01 2.502567083590591102e-01
1.700000000000000178e+00 7.817552475961484504e-01 5.343926651485145785e-01 -6.163960251737274909e-01 8.242524562941935251e-01 9.033828067322113853e-03 1.847668253691104323e-01 1.622101254007387583e-01 -1.163433767172580291e-01 2.539551668999214806e-01 -9.042040740380058450e-02
1.800000000000000044e+00 2.839840958423616168e-01 3.101198659999929719e-01 9.920082425189973296e-01 4.662146086596011818e-01 6.874666254600110271e-01 5.572594750242365613e-02 9.016492098102530939e-01 4.980748964671530277e-01 1.359452501285463910e+00 8.788361118589131937e-01
1.900000000000000133e+00 1.046677651106186824e+00 1.368546340866536370e+00 4.952711298672377582e-01 2.754085382254976011e-01 4.645412492144316285e-01 6.780243271000120364e-01 1.187578207205232994e+00 7.525287102661810668e-01 9.105225607815343736e-01 1.090830856300695650e+00
2.000000000000000000e+00 1.404676512738974203e+00 3.656550648066476672e-01 5.951435659273408563e-01 -3.257898514187316241e-01 1.337887038390059402e+00 5.230954607456281824e-01 1.024139687601532955e+00 1.046157862792954418e+00 1.189108234846790957e+00 1.477922070541711985e+00
2.100000000000000089e+00 9.370207080839400016e-01 5.547642664321210670e-01 1.080708701862445276e+00 2.137602894251384278e+00 1.090225654987365678e+00 8.024585456865060973e-01 1.879669512218084648e+00 1.196897292012857994e+00 9.398234976010659825e-01 2.358433476452628241e-01
2.200000000000000178e+00 7.302535360967434830e-01 8.437887864924401571e-01 4.494331723291888903e-01 1.686249392224333787e+00 6.547741989595904366e-01 -2.238240931583956872e-01 1.359170105550513430e+00 1.757568045882095031e+00 1.473924147145104113e+00 9.149088355167136477e-01
2.300000000000000266e+00 1.699351267355268646e+00 6.521739898499945287e-01 1.815853452004337232e+00 1.856162496947390217e+00 1.230483766908157861e+00 1.125877183390874059e+00 9.881374348114700945e-01 7.812230205981236519e-01 1.079035025646475798e+00 -7.061505933166645210e-02
2.400000000000000355e+00 1.345250922872004651e+00 -2.044400485755690777e-01 1.364017998482811800e+00 7.846689038050929099e-01 1.343888072923523858e+00 -1.000175506837097661e-01 1.577359443583183252e+00 1.742038842170932078e+00 1.642273572079043786e-01 7.765745111616254581e-01
2.500000000000000000e+00 8.392749279535555162e-01 1.053678719309069534e+00 1.418151078375805119e+00 2.695463843046718155e-01 1.676901637264092360e+00 8.591139086730341656e-01 1.320902099934379903e+00 1.115846117943780191e+00 7.783185679509307953e-01 1.011939222649046233e+00
