0.000000000000000000e+00 -1.157405790207541307e-01 4.245200676351034708e-01 1.380618056089747192e+00 3.853947220336678137e-01 2.969426309436300204e-02 -3.427555650518427366e-01 3.475493082463171346e-01 5.621036217235353405e-01 -6.373817345945573809e-01 -7.675510645751613958e-02
1.000000000000000056e-01 3.019113264059080093e-01 -1.996639962954622205e-01 -4.975217266045297015e-01 3.312158230870344000e-01 -2.676508258598712109e-01 -1.907936282657756999e-01 -3.933588454181274202e-02 2.079472576662701189e-01 -9.389526329032043400e-03 3.764781563490406380e-01
2.000000000000000111e-01 -3.104348795629741642e-01 7.780115339718169931e-01 -3.640840703063929484e-01 -1.142807166020701204e-01 -8.104871705092889234e-02 -6.057116340296427870e-01 -4.665669229532162232e-01 2.727479329592611412e-01 -6.103804723054537806e-01 -4.698052597015603959e-01
3.000000000000000444e-01 -9.307084742374847064e-01 1.603329134637627162e-01 -8.924062950192412913e-01 -2.488191522180031590e-01 4.299927184545967451e-01 4.025885884674607756e-02 -2.592349291630492436e-01 5.401295800046069795e-01 5.095087530231873219e-01 -9.524673957560855775e-02
4.000000000000000222e-01 -4.552520961545995504e-01 8.167251980577336923e-01 -2.296739729488957715e-01 7.422699968514923086e-01 -5.444083343829098087e-01 3.321670449694767713e-02 7.956043125219411927e-01 -5.061923958886623831e-01 1.028416935173020574e+00 3.316705444555808485e-02
5.000000000000000000e-01 -9.671890998694948616e-02 -1.183230218781730070e-01 -5.487720578435323349e-02 1.025554253477857891e+00 -3.120037555328558088e-01 -1.034894017833489499e-01 -2.785583862579810721e-01 6.369616739743654277e-01 8.702565164653154328e-01 1.744451920279686541e-01
6.000000000000000888e-01 8.650117365520506585e-01 3.784455031285667848e-01 6.162609687019153792e-01 -7.883465351524723830e-02 1.918867868800122056e-01 6.211635421420413916e-01 -3.205374571447776599e-01 -4.640681270303196881e-01 2.606975335841251185e-01 -3.246429001284535376e-01
7.000000000000000666e-01 7.241562610544363676e-02 6.703257779363616109e-01 7.077052905337886113e-01 -2.612496194775800196e-01 4.836350432766284291e-01 9.732327561125704296e-01 1.172126365896180022e+00 9.624438324677278001e-01 -7.227418132072860324e-01 1.211108829414345445e-01
8.000000000000000444e-01 7.595846687633062144e-02 6.658703503191554240e-01 2.657951513456192627e-01 -2.314980657964716970e-01 3.975636253331839010e-01 -6.783905094521414103e-02 -5.135680501870454329e-02 -1.869861770082522634e-01 1.289305431620584086e+00 2.800262480799731168e-02
9.000000000000000222e-01 2.557564414478795123e-01 9.538050782165837793e-01 6.167338200838144990e-01 1.567161286958516531e+00 6.943975002902827987e-01 9.049031910959091096e-01 4.079774066202481730e-01 9.128664928033740633e-01 1.905493825009945574e+00 6.283973058977014858e-01
1.000000000000000000e+00 8.003514848554788008e-01 1.290344829469713961e+00 1.514325190136445176e-02 1.634202586773154220e+00 -3.554610633080617088e-01 1.392496100828615191e+00 6.166434068951180958e-01 4.293706933927592950e-01 4.853582877539299179e-01 6.020421603687967638e-01
1.100000000000000089e+00 6.647400004666512707e-01 -2.448166103992528431e-01 1.151316346221221254e+00 9.135337439802936332e-01 8.746815833184542477e-01 8.974589188579243926e-01 1.346647762985518249e+00 5.891319164801834818e-01 1.237759950738364534e+00 8.831137814097644867e-01
1.200000000000000178e+00 8.086793902606664863e-01 1.608680139746319959e+00 6.461751801087003422e-01 4.347350963444489569e-01 1.387772894433189297e+00 1.071968589197695998e-01 1.311735968775195493e+00 1.034893725895412731e+00 1.211234728768893820e+00 7.188394023443422931e-01
1.300000000000000044e+00 1.153249042882797726e+00 1.710788684222168232e+00 1.342543743966987391e+00 6.033397115161851509e-01 1.160355284138247622e+00 1.028310372828052710e+00 1.403256724619218021e+00 1.930018549075233736e+00 1.386582962901104166e+00 1.520461311340803645e+00
1.400000000000000133e+00 1.080424990299478472e+00 1.009073131526196265e+00 3.909517734675995726e-01 1.483009920582872843e+00 1.946342916780332555e+00 7.391702006167955030e-01 1.000009285694857697e+00 3.834656893235097730e-01 6.139088934973755407e-01 9.691447671922150953e-01
1.500000000000000000e+00 -1.901049616814050047e-01 1.003816869249733790e+00 7.772437892493597733e-01 7.862217512286726606e-01 3.161429813715807002e-01 1.284557881223632458e+00 6.574956188616183361e-01 1.249892978872372495e+00 1.194455672482288122e+00 1.136086637814549771e+00
1.600000000000000089e+00 1.787571986334419716e+00 2.331643698493299333e+00 2.279353046580365749e-01 5.804428649360271475e-01 7.745109974822487198e-01 4.142797631356412991e-01 1.653391039868728152e+00 8.275282302831865611e-01 5.228748277001058486e-01 5.596866382449140476e-01
1.700000000000000178e+00 1.163621053947481832e+00 1.167808699937264771e+00 1.358809263476526974e+00 1.466625342081061989e+00 1.004187696341783731e+00 1.307604520084967525e+00 3.500520474212411859e-01 1.330626851591249604e+00 1.078490393302457440e+00 7.437677685348963452e-01
1.800000000000000044e+00 8.151330878587563777e-01 1.552658758877395462e+00 1.408446168497003992e+00 7.170670797516707218e-01 1.485591808475978493e+00 7.318719889940425993e-01 8.181893111019984399e-01 6.155980443206259256e-01 1.476263000353320365e+00 1.493292255935460666e+00
1.900000000000000133e+00 1.332459396539435792e+00 1.583629503029343688e+00 1.716878861582148641e+00 1.476033128490904511e-01 8.025861465329604538e-01 1.839150195753374684e+00 1.824983795341164949e+00 8.390657041255774606e-01 9.406570957100992558e-01 1.971987089241718172e+00
2.000000000000000000e+00 7.016366357012728816e-01 1.785878493267664124e+00 1.020523152914047493e+00 1.268301612151389257e+00 6.383085047492580433e-01 8.271865120667623028e-01 5.035225239268379394e-01 2.921090337032897777e-01 1.797145776323912703e+00 1.563012354692865147e+00
2.100000000000000089e+00 1.411961663508946030e+00 9.037561476918646308e-01 1.104319195457823533e+00 5.489816198447963203e-01 1.310147709106502578e+00 1.038859522469763874e+00 1.736076782593447998e+00 1.007133206384796864e+00 2.110969979538846353e+00 1.009823758656515524e+00
2.200000000000000178e+00 1.894111450836901245e+00 1.578220612592089234e+00 1.185246055700544421e+00 1.414225742909014372e-02 1.099772319439580759e+00 6.664569655616539023e-01 3.457794081997603852e-01 3.981331656317056433e-01 1.113063173989124133e+00 9.396090315276646177e-01
2.300000000000000266e+00 5.522997431747476149e-01 7.454901710740733378e-01 1.315578813128685631e+00 3.544330152646749665e-01 1.027790529230208749e+00 6.559001924881562307e-01 1.012039787260314849e+00 3.136570929339316249e-01 5.477937603665562483e-01 1.675264283508705043e+00
2.400000000000000355e+00 2.307714972911879547e-01 1.597818409513624083e+00 3.957708129368451289e-01 1.082032416317040280e+00 1.793838148052369075e-01 4.540663110084856013e-01 1.864245025225237606e+00 3.913074015211686074e-01 2.221440679460457979e-01 1.944043478748729292e+00
2.500000000000000000e+00 5.620173753536895633e-01 8.363939559572821647e-01 7.479201313070555912e-01 1.369973731453699495e+00 1.057485290498016761e+00 6.480571470834508574e-01 8.288520849650701239e-01 8.350708945123919147e-01 1.042058082101141592e+00 9.690850007869828975e-01
