#|num|weight|mean|covariance matrix|
|0|768.4126210564796|30.653914695172958 -22.376471017652865 -21.858818401153655|15.2763885893447 6.5097422374647635 -8.085002837436582 6.5097422374647635 6.839271053758783 -5.376491580635872 -8.085002837436582 -5.376491580635872 13.405399934186345|
|1|1022.5950253819688|21.9730631951842 -18.529172035478553 -1.1335802444668366|7.451283612034147 -1.612378343560318 -3.5320698984199588 -1.612378343560318 14.150435845072314 -4.7028934702292515 -3.532069898419959 -4.7028934702292515 11.96903524204498|
|2|1156.343237374364|38.93640990655299 -12.049220760215736 -19.90655725569972|6.912380720733142 -1.00254746192316 -5.414673188109421 -1.0025474619231605 8.823078480069764 4.908547610212242 -5.414673188109421 4.908547610212242 22.483982343835773|
|3|921.8367153856912|26.31859391121702 -27.200406341447277 -6.900099821006944|13.750026514419009 -2.217501709534212 -6.347647232638764 -2.2175017095342118 4.630833998897773 0.17818606657747038 -6.347647232638762 0.17818606657747016 14.32947703727873|
|4|486.50565512269185|54.86215615973622 -16.376690272656223 -26.74689409394971|6.720351550537461 5.7672655367026575 8.34815359309773 5.767265536702656 7.112036862276056 6.478218252240207 8.34815359309773 6.478218252240208 18.339780252874952|
|5|1050.3202637480945|42.176739238077936 -23.899395483173958 -25.578304729891823|11.282386450602518 -0.9786148767938708 -5.783664440688075 -0.9786148767938706 5.825859994353681 1.7844152144176515 -5.783664440688074 1.7844152144176515 14.607110751262674|
|6|923.4194689821204|19.77901925683651 -20.208775848653875 -12.61655931298902|10.160414330169953 1.791594979990374 -2.4958752217446993 1.7915949799903745 9.045009490282906 -6.952421960672551 -2.4958752217446993 -6.95242196067255 13.495264097987365|
|7|1118.315940916783|29.377113995980785 -15.59000926215978 -17.459493078110512|13.827760288528724 0.525918276993508 -7.1655931060821185 0.525918276993508 13.854183412251304 -5.106997346676377 -7.165593106082117 -5.106997346676377 14.649770648063765|
|8|1237.925072031754|31.559665439096033 -17.68190728868894 -6.866592974397002|7.715604214631555 -4.510656349044519 -3.630425316598035 -4.5106563490445195 17.37658967826177 -2.115430342065954 -3.6304253165980356 -2.115430342065954 15.013375935582436|
