12450
334
335
387
787
1315
1316
1317
1318
1319
1320
1321
1322
1323
1324
1325
1326
1327
1328
1329
1330
1450
1451
1452
1453
1454
1455
1456
1457
1458
1459
1460
1461
1462
1463
1464
1465
1466
1467
1468
1469
1471
1472
1473
1474
1475
1476
1477
1478
1479
1480
1481
1482
1484
1485
1486
1487
1488
1489
1490
1491
1492
1493
1494
1495
1496
1497
1498
1499
1500
1501
1502
1503
1504
1505
1506
1507
1508
1509
1510
1511
1512
1513
1514
1515
1516
1517
1518
1519
1520
1521
1522
1523
1524
1525
1526
1527
1965
1966
1968
1969
1970
1971
1972
1974
1975
1976
1977
1978
1979
1980
1981
1982
1983
1984
1985
1986
1987
1989
1990
1991
1997
1999
2003
2004
2006
2007
2008
2017
2018
2022
2023
2026
2027
2028
2029
2030
2031
2032
2033
2034
2036
2037
2039
2040
2041
2043
2046
2047
2051
2052
2053
2054
2055
2056
2057
2058
2059
2060
2061
2062
2063
2064
2065
2066
2067
2068
3634
3635
3978
3979
3980
3981
3982
3983
3984
3985
3986
4054
4055
4056
4057
4058
4059
4060
4061
4062
4063
4064
4065
4066
4067
4068
4069
4070
4071
4072
4073
4074
4075
4076
4077
4078
4079
4080
4081
4082
4083
4084
4085
4086
4087
4088
4089
4090
4091
4092
4093
4094
4095
4096
4097
4098
4100
4102
4103
4104
4105
4106
4107
4108
4109
4110
4111
4112
4383
4444
4445
4446
4447
4448
4449
4450
4451
4452
4453
4454
4455
4456
4457
4458
4459
4460
4461
4462
4463
4464
4465
4466
4467
4468
4469
4470
4471
4472
4473
4474
4475
4697
5658
5659
5660
5664
5673
5913
5914
5915
5916
5917
5921
5922
5923
5924
5925
5926
5927
5929
5930
5937
5938
5939
5940
5942
5943
5944
5949
5954
5956
5959
5962
5965
5967
5968
5969
5970
5971
5972
5973
5974
5976
5978
5979
5980
5981
5984
5987
5988
5989
5992
5993
5994
5996
6000
6004
6005
6007
6008
6009
6010
6011
6013
6014
6016
6017
6018
6019
6020
6021
6022
6026
6031
6034
6036
6039
6040
6043
6046
6047
6049
6050
6051
6053
6054
6057
6059
6064
6065
6066
6067
6068
6069
6070
6071
6072
6073
6074
6075
6076
6507
6509
6510
6512
6513
6514
6515
6516
6517
6518
6519
6520
6521
6522
6523
6524
6525
6526
6527
6528
6531
6532
6535
6536
6541
6996
7053
7054
7055
7056
7057
7058
7059
7060
7061
7062
7063
7064
7065
7066
7067
7068
7069
7070
7071
7072
7073
7074
7076
7077
7078
7079
7080
7081
7083
7084
7085
7086
7087
7088
7089
7262
7263
7264
7265
7266
7267
7415
7417
7418
7421
7422
7423
7425
7426
7444
7445
7446
7520
7521
7522
7523
7524
7525
7526
7527
7528
7529
7530
7531
7532
7533
7534
7535
7536
7537
7538
7539
7540
7541
7542
7543
7544
7545
7546
7547
7548
7549
7550
7551
7552
8979
8980
8981
8982
8983
8984
8985
8986
8987
8988
8989
8990
8991
8992
8993
8994
8995
8996
8997
8998
8999
9000
9001
9002
9003
9004
9005
9006
9007
9008
9009
9010
9011
9012
9013
9014
9015
9016
9017
9018
9019
9020
9021
9022
9023
9024
9025
9026
9027
9028
9029
9030
9031
9032
9033
9034
9035
9036
9037
9038
9039
9040
9240
9241
9373
9374
10074
10240
10241
10242
10243
10244
10245
10246
10247
10248
10249
10250
10251
10252
10253
10254
10255
10256
10257
10258
10259
10260
10261
10262
10263
10264
10265
10266
10267
10268
10269
10270
10271
10272
10273
10274
10275
10276
10277
10278
10279
10280
10281
10282
10283
10284
10285
10286
10287
10288
10289
10290
10291
10292
10293
10573
10574
10575
10576
10577
10578
10579
10580
10581
10582
10583
10584
10585
10586
10587
10588
10589
10590
10591
10592
10593
10594
10595
10596
10597
10598
10599
10818
10819
10820
10821
10822
10823
10826
10827
10828
10829
10830
10840
10841
11197
11198
11199
11200
11201
11202
11203
11204
11205
11206
11207
11208
11209
11210
11211
11212
11213
11214
11215
11216
11217
11218
11219
11220
11221
11222
11223
11566
11567
11568
11569
11570
11571
11572
11573
11574
11575
11576
11577
11578
11579
11580
11581
11582
11583
11584
11585
11586
11587
11588
11589
11590
11591
11592
11593
11594
11595
11596
11597
11598
11599
11600
11601
11602
11603
11604
11605
11606
11607
11608
11609
11610
11611
11612
11613
11614
11615
11616
11617
11618
11619
11620
11621
11622
11623
11624
11625
11626
11627
11628
11629
11630
11631
11632
11633
11634
11635
11636
11637
11638
11639
11640
11641
11642
11643
11644
11645
11646
11647
11648
11649
11650
11651
11652
11653
11654
11655
11656
11657
11658
11659
11660
11661
11662
11663
11664
11665
11666
11667
11668
11669
11670
11671
11672
11673
11674
11675
11676
11677
11678
11679
11680
11681
11682
11683
11684
11685
11686
11687
11688
11689
11690
11691
11692
11693
11694
11695
11696
11697
11698
11699
11700
11701
11719
11720
12449
12451
12452
12453
12465
12466
12467
12468
12469
12470
12471
12472
12474
12475
12476
12477
12478
12479
12482
12486
12487
12489
12490
12491
12492
12496
12498
