334
335
387
787
1315
1316
1317
1318
1319
1320
1321
1322
1323
1324
1325
1326
1327
1328
1329
1330
1450
1451
1452
1453
1454
1455
1456
1457
1458
1459
1460
1461
1462
1463
1464
1465
1466
1467
1468
1469
1471
1472
1473
1474
1475
1476
1477
1478
1479
1480
1481
1482
1484
1485
1486
1487
1488
1489
1490
1491
1492
1493
1494
1495
1496
1497
1498
1499
1500
1501
1502
1503
1504
1505
1506
1507
1508
1509
1510
1511
1512
1513
1514
1515
1516
1517
1518
1519
1520
1521
1522
1523
1524
1525
1526
1527
1965
1966
1968
1969
1970
1971
1972
1974
1975
1976
1977
1978
1979
1980
1981
1982
1983
1984
1985
1986
1987
1989
1990
1991
1997
1999
2003
2004
2006
2007
2008
2017
2018
2022
2023
2026
2027
2028
2029
2030
2031
2032
2033
2034
2036
2037
2039
2040
2041
2043
2046
2047
2051
2052
2053
2054
2055
2056
2057
2058
2059
2060
2061
2062
2063
2064
2065
2066
2067
2068
3634
3635
3978
3979
3980
3981
3982
3983
3984
3985
3986
4054
4055
4056
4057
4058
4059
4060
4061
4062
4063
4064
4065
4066
4067
4068
4069
4070
4071
4072
4073
4074
4075
4076
4077
4078
4079
4080
4081
4082
4083
4084
4085
4086
4087
4088
4089
4090
4091
4092
4093
4094
4095
4096
4097
4098
4100
4102
4103
4104
4105
4106
4107
4108
4109
4110
4111
4112
4383
4444
4445
4446
4447
4448
4449
4450
4451
4452
4453
4454
4455
4456
4457
4458
4459
4460
4461
4462
4463
4464
4465
4466
4467
4468
4469
4470
4471
4472
4473
4474
4475
4697
5658
5659
5660
5664
5673
5913
5914
5915
5916
5917
5921
5922
5923
5924
5925
5926
5927
5929
5930
5937
5938
5939
5940
5942
5943
5944
5949
5954
5956
5959
5962
5965
5967
5968
5969
5970
5971
5972
5973
5974
5976
5978
5979
5980
5981
5984
5987
5988
5989
5992
5993
5994
5996
6000
6004
6005
6007
6008
6009
6010
6011
6013
6014
6016
6017
6018
6019
6020
6021
6022
6026
6031
6034
6036
6039
6040
6043
6046
6047
6049
6050
6051
6053
6054
6057
6059
6064
6065
6066
6067
6068
6069
6070
6071
6072
6073
6074
6075
6076
6507
6509
6510
6512
6513
6514
6515
6516
6517
6518
6519
6520
6521
6522
6523
6524
6525
6526
6527
6528
6531
6532
6535
6536
6541
6996
