797
795
796
2167
2168
2170
4490
5644
5645
5646
5648
5649
5650
5651
5656
5657
5662
5663
5665
5674
5675
5676
5677
5678
5679
5680
5681
5682
5683
5684
5685
5686
5687
5688
5689
5692
5693
5694
5695
5696
5697
5698
5699
5700
5701
5702
5706
5707
5709
5710
5711
5716
5728
5729
5730
5735
5738
5740
5742
5744
5745
5751
5756
5757
5760
5764
5765
5769
5770
5771
5772
5773
6997
6998
6999
7570
7571
7572
7573
7581
7589
7592
7600
7601
7602
7603
7611
7613
7621
10021
10026
10030
10035
10037
10743
10745
10824
10825
10831
10832
10833
10834
10835
10836
10837
10838
10839
