258.25 1
258.8992 0
259.5484 0
260.1976 0
260.8468 0
261.496 1
262.1452 1
262.7944 1
263.4436 1
264.0928 1
264.742 5
265.3912 5
266.0404 4
266.6896 10
267.3388 9
267.988 11
268.6372 9
269.2864 15
269.9356 12
270.5848 29
271.234 24
271.8832 26
272.5324 43
273.1816 34
273.8308 37
274.48 40
275.1292 50
275.7784 59
276.4276 61
277.0768 69
277.726 83
278.3752 71
279.0244 93
279.6736 94
280.32280000000003 99
280.972 106
281.6212 104
282.2704 103
282.9196 96
283.5688 121
284.218 116
284.8672 122
285.5164 108
286.1656 136
286.8148 132
287.464 148
288.1132 142
288.7624 116
289.4116 114
290.06080000000003 134
290.71000000000004 143
291.3592 144
292.0084 126
292.6576 146
293.3068 139
293.956 127
294.6052 129
295.25440000000003 132
295.9036 124
296.5528 133
297.202 111
297.8512 124
298.5004 121
299.1496 89
299.7988 113
300.448 83
301.0972 84
301.7464 77
302.3956 57
303.0448 58
303.694 61
304.3432 56
304.99240000000003 40
305.64160000000004 45
306.2908 36
306.94 36
307.5892 43
308.2384 22
308.8876 18
309.5368 14
310.18600000000004 13
310.8352 9
311.4844 16
312.1336 10
312.7828 6
313.432 5
314.0812 3
314.73040000000003 3
315.3796 3
316.0288 2
316.678 0
317.3272 0
317.9764 1
318.6256 1
319.2748 0
319.92400000000004 2
320.57320000000004 1
321.2224 0
321.8716 0
322.5208 1
