2.9234495162963867 0.0 1.0 0.0
3.9234495162963867 2.31827060050182e-15 0.07549191103229388 1.872
4.923449516296387 2.0198180681630657e-115 0.21050873249099009 9.448
5.923449516296387 1.5233709287353312e-132 0.22511234385198414 12.504
6.923449516296387 1.278930317351517e-189 0.27018973807952723 21.064
7.923449516296387 0.0 0.3596238204783605 40.936
8.923449516296387 0.0 0.45515144281722614 66.808
9.923449516296387 0.0 0.40634470813650947 72.92
10.923449516296387 0.0 0.3967891310620808 85.272
11.923449516296387 0.0 0.38821105814512374 92.928
12.923449516296387 1.1460630087138101e-215 0.29188100117778565 95.8
13.923449516296387 4.948006938805871e-246 0.3089635379527965 97.496
14.923449516296387 6.501027512483951e-151 0.24207923036863135 98.16
15.923449516296387 1.004187698394237e-99 0.19426510778997447 96.96
16.923449516296387 9.495479934687726e-59 0.15006564848440693 97.712
17.923449516296387 1.1283389297224665e-53 0.14241711553086597 98.872
18.923449516296387 1.427613295968351e-30 0.10656866695703623 99.352
19.923449516296387 3.888998373415357e-08 0.05224944647673354 99.304
20.923449516296387 1.9244900621467237e-19 0.0806548771583827 99.208
21.923449516296387 0.9998975722835058 1.148212905684923e-06 99.472
22.923449516296387 1.0 0.0 99.568
23.923449516296387 1.0 0.0 99.856
24.923449516296387 1.0 0.0 99.984
25.923449516296387 1.0 0.0 100.0
26.923449516296387 1.0 0.0 100.0
27.923449516296387 1.0 0.0 100.0
28.923449516296387 1.0 0.0 100.0
29.923449516296387 1.0 0.0 100.0
30.923449516296387 1.0 0.0 100.0
