245.32 3
246.356 3
247.392 3
248.428 7
249.464 11
250.5 6
251.536 14
252.572 11
253.608 30
254.644 28
255.68 38
256.716 44
257.752 44
258.788 36
259.824 43
260.86 44
261.896 51
262.932 56
263.968 50
265.004 41
266.04 46
267.076 59
268.112 51
269.148 55
270.18399999999997 59
271.22 74
272.256 69
273.29200000000003 76
274.328 93
275.364 91
276.4 83
277.436 105
278.472 119
279.508 144
280.544 139
281.58 150
282.616 156
283.652 158
284.688 167
285.724 182
286.76 190
287.796 207
288.832 230
289.868 251
290.904 292
291.94 278
292.976 279
294.012 287
295.048 280
296.084 283
297.12 286
298.156 278
299.192 190
300.228 207
301.264 180
302.3 160
303.336 111
304.372 85
305.408 74
306.444 54
307.48 38
308.516 32
309.552 27
310.588 18
311.624 3
312.66 11
313.696 5
314.732 4
315.76800000000003 6
316.80400000000003 2
317.84000000000003 0
318.876 2
319.91200000000003 1
320.948 0
321.98400000000004 0
323.02 1
324.05600000000004 1
325.092 0
326.12800000000004 0
327.164 0
328.20000000000005 0
329.236 0
330.27200000000005 0
331.308 2
332.344 0
333.38 1
334.416 0
335.452 0
336.488 0
337.524 0
338.56 0
339.596 0
340.632 1
341.668 0
342.704 0
343.74 0
344.776 0
345.812 0
346.848 0
347.884 1
