0.000000000000000000e+00 1.592465599305532109e+00 2.653179116717389041e-01 1.174671086391429142e+00 4.057728558380732098e-01 1.565095421205223936e+00 1.119473672162514033e+00 8.974916491799596052e-01 5.856097466838445786e-01 1.076871828513116913e+00 1.031074926199705422e+00
1.000000000000000056e-01 7.976227326112620419e-01 4.557371316165850783e-01 1.163597495259456549e+00 4.751427175902079303e-01 6.332879848350156937e-01 1.542599681025970781e+00 1.508403216396918989e+00 1.022834021515592884e+00 -9.682199806237659079e-01 6.118508403884095337e-01
2.000000000000000111e-01 1.912358294915623702e+00 1.238345792632338238e+00 6.408191708198889280e-01 6.715235811960119650e-01 8.379705363891490899e-01 1.360236114615560155e+00 5.720726190108946785e-01 7.081704673353151902e-01 8.047774309618540567e-01 2.748087864001249603e-01
3.000000000000000444e-01 1.300789171869213945e+00 3.553675856795582844e-01 1.836470985937679767e+00 5.850937251792862615e-01 6.752651467659054330e-01 9.477698174924901187e-01 1.323062414836359890e+00 4.383074258219229469e-01 1.074379771925310756e+00 7.296770312840803463e-01
4.000000000000000222e-01 1.188720479222188819e+00 1.340350184887333818e+00 5.720196252325524533e-01 -4.273459576676619243e-02 5.133019840271118017e-01 1.107902982605891484e+00 1.052194395424634887e-01 1.313365777340794738e+00 1.343439668193616710e+00 9.205379065297250030e-01
5.000000000000000000e-01 1.115729090059499162e+00 3.632131846363694239e-01 8.780134420378001847e-01 1.212077816268134267e+00 7.743925561638260735e-01 8.866501066859701075e-01 7.608813192682688520e-01 7.496318348270689658e-01 1.311478160515808788e+00 1.059965302589899405e+00
6.000000000000000888e-01 1.527968175916663451e+00 2.011158928558217873e+00 7.558456287165835619e-01 -8.608363285627096406e-02 7.341059841308394951e-01 1.038474555300841651e+00 1.408187162329096020e+00 3.911268632725478644e-01 8.698592732628119828e-01 1.217502587761412292e+00
7.000000000000000666e-01 8.243225548166643879e-02 1.741005258296936642e+00 1.087258441778355067e+00 1.204713598848515144e+00 6.327795475123447755e-01 1.110663682127911223e+00 7.172078553079767049e-01 1.039941193542173181e+00 8.977330053848956437e-01 7.855620077056795214e-01
8.000000000000000444e-01 8.463676728051057196e-01 9.570289551507724646e-01 3.317757775601387626e-01 1.452779790600987386e+00 1.355118040451394945e+00 1.743752871528796211e+00 5.712157395623831402e-01 -2.855984198013346020e-01 9.340501437873538482e-01 1.826875606876600777e+00
9.000000000000000222e-01 1.843483636605284914e+00 1.563045172930984439e+00 1.411905934261999507e+00 9.974885052235669125e-01 6.690671833733450313e-01 7.208707296784711005e-02 9.792454794190048606e-01 1.350950133271838771e+00 7.223659583638298853e-01 1.258416715619844028e+00
1.000000000000000000e+00 5.016202680540453596e-01 1.247386842590063383e+00 1.723269720427229368e+00 2.391258857861620069e-01 7.970557278901457821e-02 9.430404467977615557e-01 1.327946483186660309e+00 2.737144568110629006e+00 9.716746381329651738e-01 1.244475463376032209e+00
1.100000000000000089e+00 8.712739358143146706e-01 1.239785941113239032e+00 1.139811976973445828e+00 1.363235117390204199e+00 1.546292418346166819e+00 1.438883816735742061e+00 1.085768092936061135e+00 1.451212853353561316e+00 1.347419227262386388e+00 5.594775821040387509e-01
1.200000000000000178e+00 1.652362487473428843e+00 8.259233442590115937e-01 -2.649253575040341202e-01 5.686464922687736179e-01 1.069602397498649715e+00 1.299546899407680645e+00 1.650573513320957142e+00 1.065670044882902623e+00 1.703460586922378672e+00 1.280540006369594863e+00
1.300000000000000044e+00 1.042582667332416557e+00 5.178245775563354858e-01 2.996057455485241494e-01 1.030156211250379483e+00 5.543199157624201234e-01 1.188725365221506181e+00 1.042351889822020761e+00 1.271067311569884728e+00 9.152273076327869239e-01 4.468587609690055640e-01
1.400000000000000133e+00 1.755829993389128152e+00 1.526706922829571100e+00 8.451573200603985647e-01 1.251633042295424492e+00 1.441308548205070927e+00 7.572748714795108915e-01 8.953627983174737848e-01 2.697629552935809638e-01 1.260077552165304260e+00 1.326223210092958293e+00
1.500000000000000000e+00 1.230031151523055311e+00 7.952636870832348048e-01 9.817562155032845128e-01 1.340210237777561542e+00 5.111348758227749478e-01 1.185720521691217000e+00 1.352738912123936377e+00 9.991962831421435931e-01 5.986786814311026994e-01 1.167434325928480954e+00
1.600000000000000089e+00 1.045898776843525724e+00 1.340756310445415433e+00 1.190300280117176701e+00 1.362629829160680650e+00 1.428371037309176028e+00 9.910429406066403324e-01 5.010822571737735265e-01 1.578241090566319116e+00 1.021790833969665080e+00 1.587263553170512154e+00
1.700000000000000178e+00 4.571204660311584123e-01 1.633004461627083348e+00 9.593991492712182767e-01 1.125030164636826591e+00 8.408119977657918520e-01 2.127004309532593007e-01 1.010355551691302534e+00 1.474191866012235508e+00 6.178357287128457553e-01 1.119205403640068708e+00
1.800000000000000044e+00 1.169529412166878224e+00 4.758890164884317375e-01 9.203081045730457932e-01 6.077257478434027194e-01 1.618248264193452801e+00 8.662147250514874441e-01 1.268344577179254085e+00 1.759101787645214632e+00 2.018389367237740650e+00 1.471412825840191507e+00
1.900000000000000133e+00 8.920722209168280292e-01 1.276671050427432785e+00 1.013870759455446358e+00 2.688571155596377604e-01 6.327039511438004027e-01 1.889578934740268501e+00 1.122677600995863001e+00 2.554819108615042911e-01 4.923673344451581224e-01 1.255374247899381679e+00
2.000000000000000000e+00 1.249458149898301729e+00 1.690936975869793635e+00 1.397596129743994720e+00 1.033741891854489170e+00 2.078636380132166117e+00 1.230217328564680912e+00 1.200527237452852169e+00 8.241834772791882813e-01 4.490905181492670373e-01 1.059203876945041145e+00
2.100000000000000089e+00 1.135254336689225152e+00 9.141443078908509934e-01 1.055971661319904387e+00 1.110959885535880876e+00 4.273936902083067535e-01 8.316323303443534654e-01 3.153816159261170204e-01 1.914182611298104186e+00 1.438087639396059991e+00 9.472617240429483942e-01
2.200000000000000178e+00 1.448499785301547993e-01 1.630852963594098259e-02 1.388821174506221334e+00 6.066960545642792191e-01 1.663390855265603818e+00 2.100578828982070156e+00 1.604183071810739492e+00 6.766325902069452169e-01 1.238246572474517748e+00 1.844248050263599614e+00
2.300000000000000266e+00 1.595350775275298449e+00 2.094965651695853026e+00 5.806417330921989084e-01 1.573414797663901243e+00 1.038195405913555636e-02 8.847474482419678266e-01 6.182046140299108927e-01 1.241970526242711870e+00 1.556779330492251034e+00 4.037810713844696142e-01
2.400000000000000355e+00 5.653020600929576922e-01 1.680030113758606891e+00 7.719973891324779514e-01 1.127926451668558316e+00 1.271526156577962308e+00 1.225258586690209484e+00 4.420673437541262629e-01 1.760790846148380773e+00 2.501064574015290365e-01 8.188722431375274891e-01
2.500000000000000000e+00 4.007606279098511193e-01 1.552154078993350339e+00 1.883327338291077790e+00 6.055228336835781766e-01 1.180199099750030900e+00 -9.489367563662631788e-02 6.113957619634236007e-01 8.053595271412185008e-01 1.590788546794574376e+00 9.660781804092302139e-01
