#|num|weight|mean|covariance matrix|
|0|1166.701126112285|30.366441647584473 -21.316044769645067 -20.014326679315236|13.750925216439514 4.922453918551066 -6.979355067733873 4.922453918551065 9.27856058110481 -1.5735802675380013 -6.979355067733873 -1.5735802675380022 18.09995601486311|
|1|984.2381389915525|25.7016016099444 -27.049169105866294 -6.732369108311124|14.415757374036557 -3.448663492987377 -5.573489117862851 -3.448663492987377 4.77315553273909 0.5216167426727147 -5.573489117862851 0.5216167426727152 14.604124382225946|
|2|1081.19218761938|42.029711277107715 -23.773823409286425 -25.482657668126766|11.748941671313755 -1.4933394891032403 -6.011872798032618 -1.4933394891032405 6.229325609766464 2.101358872305963 -6.011872798032618 2.1013588723059637 14.652171611520847|
|3|1009.948214763406|22.022419625358086 -18.350066840582624 -1.185950029109127|7.596185493276736 -1.6857306522527449 -3.66617032373889 -1.6857306522527442 13.470435420853082 -5.023112566367977 -3.6661703237388896 -5.023112566367977 12.4297301996618|
|4|1018.8384910144318|33.35512221751119 -12.6027177000456 -16.6176478137909|22.966251543175037 -0.6650070838639421 0.8766353841796347 -0.6650070838639421 4.525870197622902 1.6274268614658984 0.8766353841796348 1.6274268614658984 13.044640875884786|
|5|487.2265391291522|54.85454314747478 -16.38384235804781 -26.74989500686913|6.751004446073083 5.795640774705064 8.350746471203049 5.795640774705065 7.136526704627678 6.482678791893648 8.350746471203049 6.4826787918936475 18.318966321307606|
|6|1167.1097421134255|31.49072366853264 -18.314048781215867 -6.588955103187804|7.802914522703687 -5.32043881150916 -3.079733366753866 -5.32043881150916 15.573768400722889 1.025637820998524 -3.0797333667538656 1.0256378209985253 13.762324892785596|
|7|1011.5243394489297|20.526319312282826 -19.229310697402365 -13.258180762522498|13.854256180758536 4.945222368096713 -4.528912525784703 4.945222368096713 9.0373015408531 -6.576118510880795 -4.528912525784703 -6.576118510880793 12.458578991655365|
|8|758.8952208073813|39.334060358723264 -11.630574276328893 -22.5299476182634|7.277655171799473 -2.002545237650818 -2.1776693438089714 -2.0025452376508186 10.319875545337979 8.56031832469773 -2.1776693438089723 8.56031832469773 15.269867326641808|
