0
5
6
7
8
408
919
1349
1781
1782
1783
1784
1785
1786
1787
1788
1789
2732
2733
2734
2735
2736
2737
2738
2739
2740
2741
2742
2743
2744
2745
2746
2747
2748
2749
2754
2759
2762
2763
2764
2765
2766
2767
2768
2769
2770
2771
2772
2773
2774
2775
2776
2777
2778
2779
2780
2781
2782
2783
2784
2820
2988
2989
2990
2991
2992
2993
2994
2995
2996
2997
2998
2999
3000
3001
3002
3003
3004
3005
3006
3007
3008
3009
3010
3011
3012
3058
3059
3065
3070
3114
3115
3116
3117
3118
3119
3124
3125
3176
3179
3180
3185
3202
3204
3205
3262
3263
3265
3267
3269
3270
3271
3272
3273
3274
3275
3276
3277
3280
3283
3286
3288
3290
3291
3301
3302
3303
3304
3305
3306
3307
3308
3309
3310
3311
3312
3313
3314
3315
3316
3317
3318
3319
3320
3321
3322
3323
3324
3325
3326
3327
3328
3329
3786
3787
3788
3791
3792
3793
3794
3795
3796
3797
3798
3799
3800
3801
3802
3822
3830
3833
3834
3835
3836
3837
3846
3853
3854
3864
3895
3897
3899
3901
3902
3920
3921
3922
3923
3934
3939
3973
3983
3984
3989
3992
4003
4004
5016
5017
5018
5019
5025
5027
5029
5031
5033
5044
5046
5048
5049
5050
5051
5054
5055
5056
5057
5058
5059
5060
5062
5063
5064
5065
5066
5067
5072
5073
5074
5075
5076
5077
5079
5080
5081
5082
5083
5084
5085
5086
5088
5092
5093
5094
5095
5099
5100
5101
5102
5103
5104
5105
5106
5107
5108
5109
5110
5111
5112
5118
5119
5120
5121
5123
5124
5128
5129
5130
5131
5132
5133
5134
5135
5136
5137
5138
5139
5140
5141
5142
5143
5144
5145
5146
5147
5148
5149
5150
5151
5152
5153
5154
5155
5156
5157
5234
5235
5488
5490
5491
5492
5611
5612
5614
5615
5616
5618
5620
5621
5623
5624
5626
5628
5629
6024
6025
6147
6185
6186
6187
6188
6189
6190
6191
6192
6193
6194
6195
6196
6197
6198
6199
6200
6201
6202
6442
6443
6444
6445
6446
6447
6448
