7674
6449
6450
6451
6452
6453
6454
6455
6456
6457
6458
6459
6460
6461
6463
6464
6489
6490
6491
6492
6494
6495
6497
6498
6499
6500
6556
6562
6563
6564
6565
7665
7666
7667
7668
7669
7670
7671
7672
7673
7675
7676
7677
7678
7752
7823
7824
8296
8297
8298
8299
8300
8301
8302
8303
8304
8305
8306
8307
8308
8309
8310
8311
8312
8367
8368
8369
8371
8372
8373
8374
8383
8384
8386
8387
8388
8389
8390
8391
8392
8393
8394
8395
8396
8397
8398
8399
8400
8401
8402
8403
8404
8405
8406
8407
8408
8446
8447
8448
9118
9133
9144
9156
9255
9256
9257
9258
9259
9260
9263
9265
9266
9268
9269
9270
9271
9272
9273
9274
9275
9276
9625
9626
9627
9628
9629
9630
9636
9637
9638
9639
9641
9642
9643
9644
9646
9648
9649
9650
9651
9653
10057
10063
10334
10335
10336
10337
10338
10339
10340
10341
10342
10343
10344
10345
10346
10347
10348
10349
10350
10351
10352
10353
10354
10355
10356
10357
10358
10359
10360
10361
10362
10363
10364
10365
10366
10367
10368
11270
11271
11272
11273
11274
11275
11276
11277
11278
11279
11280
11281
11282
11283
11284
11801
11803
11804
11826
11827
11828
11832
11903
11910
11912
11916
11918
12123
12302
12303
12304
12305
12306
12307
12308
12309
12310
12311
12312
12313
12314
12315
12316
12317
12318
12319
12320
12321
12322
12323
12496
12497
