200.25 1
201.1602 0
202.0704 0
202.9806 0
203.8908 2
204.801 0
205.7112 2
206.6214 1
207.5316 1
208.4418 5
209.352 10
210.2622 11
211.1724 19
212.08259999999999 23
212.9928 29
213.903 40
214.8132 47
215.7234 61
216.6336 86
217.5438 82
218.454 124
219.36419999999998 125
220.27439999999999 141
221.1846 147
222.0948 175
223.005 165
223.9152 183
224.8254 182
225.7356 177
226.6458 166
227.55599999999998 167
228.4662 172
229.3764 173
230.2866 155
231.1968 132
232.107 130
233.0172 105
233.92739999999998 124
234.8376 93
235.74779999999998 79
236.658 73
237.5682 58
238.4784 59
239.3886 44
240.2988 42
241.209 34
242.11919999999998 40
243.02939999999998 37
243.93959999999998 33
244.8498 35
245.76 33
246.6702 44
247.5804 52
248.49059999999997 78
249.4008 71
250.31099999999998 84
251.22119999999998 111
252.13139999999999 129
253.0416 116
253.9518 125
254.862 155
255.7722 146
256.6824 150
257.5926 138
258.5028 142
259.413 146
260.3232 122
261.23339999999996 136
262.1436 101
263.05379999999997 99
263.964 88
264.8742 89
265.7844 55
266.6946 57
267.60479999999995 41
268.515 31
269.4252 28
270.3354 18
271.24559999999997 9
272.1558 15
273.066 13
273.97619999999995 9
274.8864 5
275.7966 6
276.7068 7
277.61699999999996 2
278.5272 3
279.43739999999997 1
280.3476 2
281.2578 0
282.168 0
283.0782 1
283.98839999999996 0
284.8986 0
285.80879999999996 0
286.719 0
287.62919999999997 0
288.5394 0
289.4496 0
290.35979999999995 1
