2.7544586658477783 0.0 1.0 0.0
3.7544586658477783 3.009760051136745e-30 0.12500267502946408 31.648
4.754458665847778 6.7381966474999204e-133 0.2388532921986709 57.152
5.754458665847778 3.6104935754166415e-229 0.30370575528561733 74.336
6.754458665847778 0.0 0.35018064382316516 86.568
7.754458665847778 5.632316126520341e-221 0.2934771612602953 90.592
8.754458665847778 9.998765824485001e-158 0.25004018314732646 94.52
9.754458665847778 4.4287959854180605e-67 0.1659001146514851 95.296
10.754458665847778 1.5718557740512265e-204 0.2809215783722049 99.328
11.754458665847778 6.912256159495246e-86 0.18253629914961755 99.336
12.754458665847778 2.6807225110344013e-84 0.17893109601524843 99.648
13.754458665847778 2.239181744097497e-53 0.1407209375936812 99.888
14.754458665847778 1.4463579167381428e-49 0.1341388062816432 99.912
15.754458665847778 5.570487693341134e-47 0.13053981263259792 99.976
16.75445866584778 8.37517636820317e-05 0.03518142293160211 99.992
17.75445866584778 0.030277473669968885 0.019377240908824832 100.0
18.75445866584778 1.0 0.0 100.0
19.75445866584778 1.0 0.0 100.0
20.75445866584778 1.0 0.0 100.0
21.75445866584778 1.0 0.0 100.0
