203.71 1
204.54590000000002 0
205.3818 1
206.2177 1
207.05360000000002 1
207.8895 6
208.7254 4
209.56130000000002 7
210.3972 8
211.2331 9
212.06900000000002 13
212.9049 20
213.7408 34
214.57670000000002 30
215.4126 40
216.2485 55
217.08440000000002 74
217.9203 70
218.7562 86
219.59210000000002 114
220.428 101
221.2639 126
222.09980000000002 141
222.9357 153
223.7716 157
224.60750000000002 158
225.4434 161
226.2793 149
227.11520000000002 158
227.9511 166
228.787 166
229.62290000000002 173
230.4588 147
231.2947 130
232.13060000000002 147
232.9665 154
233.8024 130
234.63830000000002 135
235.4742 133
236.3101 106
237.14600000000002 82
237.9819 84
238.8178 86
239.65370000000001 80
240.4896 83
241.3255 67
242.16140000000001 56
242.9973 53
243.8332 57
244.66910000000001 50
245.505 52
246.3409 60
247.17680000000001 60
248.0127 53
248.8486 70
249.6845 53
250.5204 54
251.3563 69
252.1922 64
253.02810000000002 91
253.864 86
254.6999 81
255.53580000000002 87
256.37170000000003 92
257.2076 84
258.0435 92
258.87940000000003 83
259.7153 68
260.5512 72
261.38710000000003 85
262.223 50
263.0589 56
263.89480000000003 40
264.7307 48
265.5666 37
266.40250000000003 31
267.2384 33
268.0743 29
268.91020000000003 18
269.7461 21
270.582 8
271.41790000000003 13
272.2538 7
273.0897 10
273.92560000000003 7
274.7615 6
275.5974 4
276.43330000000003 2
277.2692 1
278.1051 1
278.94100000000003 2
279.7769 2
280.6128 1
281.44870000000003 0
282.2846 1
283.1205 0
283.95640000000003 2
284.7923 1
285.6282 0
286.46410000000003 1
