6059
6109
6139
6140
6141
6146
6148
6387
6398
6400
6501
6502
6503
6504
6505
6506
6507
6512
6513
6514
6515
6516
6521
6522
6523
6524
6525
6526
6530
6531
6532
6533
6534
6535
6536
6537
6540
6541
6542
6543
6544
6545
6546
6547
6548
6549
6550
6551
6552
6553
6554
6559
6560
6582
6585
7205
7279
7280
7281
7283
7285
8162
8163
8166
8167
8169
8170
8171
8172
8237
8238
8239
8240
8246
8362
8363
8364
8365
8366
8367
8368
8369
8370
8371
8372
8373
8374
8375
8376
8377
8378
8379
8380
8381
8409
8410
8468
8482
8484
8485
8489
8490
8492
8497
8722
8725
8810
8947
9019
9020
9084
9099
9108
9116
9125
9129
9130
9139
9154
9156
9163
9164
9165
9166
9167
9168
9169
9170
9171
9172
9173
9174
9175
9176
9177
9178
9179
9180
9181
9182
9183
9184
9185
9186
9187
9188
9189
9190
9191
9192
9193
9194
9195
9196
9197
9198
9199
9200
9201
9202
9203
9204
9205
9206
9207
9208
9209
9210
9211
9212
9213
9214
9215
9216
9217
9218
9219
9220
9221
9222
9223
9224
9225
9226
9227
9228
9229
9230
9231
9391
9411
9651
9652
9660
9663
9669
9675
9676
9678
9679
9682
9689
9932
9933
9934
9935
9936
9945
9946
9947
9948
9949
10022
10032
10033
10044
10047
10048
10049
10050
10051
10054
10061
10074
10075
10076
10077
10078
10079
10081
10082
10083
10085
10086
10088
10094
10130
10143
10180
10181
10604
10606
10611
10612
10613
10614
10616
10617
10618
10622
10629
10632
10635
10672
10697
10912
10913
10914
11177
11183
11185
11188
11189
11302
11414
11415
11416
11427
11431
11432
11439
11441
11443
11446
11447
11448
11449
11450
11451
11452
11453
11454
11456
11457
11458
11460
11461
11462
11463
11468
11469
11479
11490
11491
11492
11497
11502
11503
11504
11505
11506
11508
11509
11510
11511
11512
11513
11514
11531
11542
11543
11552
11558
11559
11560
11561
11563
11564
11565
11566
11567
11568
11569
11570
11571
11572
11574
11575
11576
11577
11578
11580
11581
11582
11583
11584
11585
11586
11588
11589
11590
11591
11592
11593
11594
11596
11597
11598
11599
11600
11601
11603
11604
11605
11623
11625
11627
11632
11633
11634
11635
11638
11642
11646
11688
11690
11692
11696
11699
11826
11861
11877
11885
11889
11897
11899
11900
11901
11902
11903
11904
11905
11910
11911
11914
11951
11958
11959
11964
11965
11970
11981
