4711
33
173
182
195
203
204
205
206
696
702
724
725
726
727
728
729
730
743
806
956
957
958
961
962
963
964
965
966
967
968
969
970
971
972
973
974
975
976
977
978
979
980
981
982
983
984
985
986
987
988
989
990
991
992
993
994
995
996
997
998
999
1000
1001
1002
1003
1004
1005
1006
1007
1008
1009
1010
1011
1012
1013
1014
1015
1016
1017
1018
1019
1020
1021
1022
1023
1024
1025
1026
1027
1028
1029
1030
1031
1099
1100
1101
1102
1103
1104
1105
1106
1107
1108
1109
1110
1111
1112
1113
1114
1115
1116
1117
1118
1119
1120
1121
1122
1133
1134
1150
1176
1183
1339
1341
1475
1478
1479
1480
1481
1482
1483
1484
1485
1486
1487
1488
1490
1491
1492
1493
1496
1497
1498
1499
1502
1504
1505
1506
1507
1508
1510
1511
1512
1513
1514
1516
1551
1558
1696
1716
1718
1721
1722
1728
1736
1737
1739
1742
1745
1748
1755
1760
1762
1763
1792
1793
1794
1795
1796
1797
1798
1799
1838
1839
1840
1972
1981
1985
2038
2039
2051
2055
2062
2063
2129
2268
2269
2270
2271
2272
2273
2274
2275
2276
2277
2278
2279
2280
2281
2282
2283
2284
2285
2286
2287
2288
2289
2290
2291
2292
2293
2298
2299
2300
2301
2302
2303
2304
2305
2306
2307
2314
2326
2330
2334
2335
2336
2337
2338
2340
2343
2344
2345
2871
2872
2873
2874
2884
2888
2889
2890
2895
2896
2898
2903
2905
2917
2934
2941
2942
2944
3086
3087
3088
3089
3091
3305
3306
3413
3479
3480
3481
3482
3483
3484
3514
3841
3843
3844
4092
4093
4094
4095
4096
4097
4098
4099
4116
4117
4118
4119
4121
4124
4125
4128
4129
4130
4131
4132
4134
4368
4369
4370
4371
4372
4373
4374
4375
4376
4377
4378
4379
4380
4381
4382
4383
4384
4385
4387
4388
4389
4390
4392
4397
4680
4681
4682
4683
4684
4685
4686
4687
4688
4689
4690
4691
4692
4693
4694
4695
4696
4697
4698
4699
4700
4701
4702
4703
4704
4705
4706
4707
4708
4709
4710
4712
4713
4716
4853
4856
4857
4859
4860
4861
5092
5093
5094
5095
5096
5097
5098
5099
5100
5101
5102
5103
5104
5105
5106
5107
5108
5109
5110
5111
5112
5113
5114
5115
5116
5117
5118
5119
5120
5121
5122
5123
5124
5125
5126
5127
5128
5129
5130
5131
5132
5133
5134
5135
5136
5137
5138
5139
5140
5141
5142
5143
5144
5145
5146
5147
5148
5149
5150
5151
5152
5153
5697
6059
6109
6139
6140
6141
6146
6148
6387
6398
6400
6501
6502
6503
6504
6505
6506
6507
6512
6513
6514
6515
6516
6521
6522
6523
6524
6525
6526
6530
6531
6532
6533
6534
6535
6536
6537
6540
6541
6542
6543
6544
6545
6546
6547
6548
6549
6550
6551
6552
6553
6554
6559
6560
6582
6585
7205
7279
7280
7281
7283
7285
8162
8163
8166
8167
8169
8170
8171
8172
8237
8238
8239
8240
8246
8362
8363
8364
8365
8366
8367
8368
8369
8370
8371
8372
8373
8374
8375
8376
8377
8378
8379
8380
8381
8409
8410
8468
8482
8484
8485
8489
8490
8492
8497
8722
8725
8810
8947
9019
9020
9084
9099
9108
9116
9125
9129
9130
9139
9154
9156
9163
9164
9165
9166
9167
9168
9169
9170
9171
9172
9173
9174
9175
9176
9177
9178
9179
9180
9181
9182
9183
9184
9185
9186
9187
9188
9189
9190
9191
9192
9193
9194
9195
9196
9197
9198
9199
9200
9201
9202
9203
9204
9205
9206
9207
9208
9209
9210
9211
9212
9213
9214
9215
9216
9217
9218
9219
9220
9221
9222
9223
9224
9225
9226
9227
9228
9229
9230
9231
9391
9411
9651
9652
9660
9663
9669
9675
9676
9678
9679
9682
9689
9932
9933
9934
9935
9936
9945
9946
9947
9948
9949
10022
10032
10033
10044
10047
10048
10049
10050
10051
10054
10061
10074
10075
10076
10077
10078
10079
10081
10082
10083
10085
10086
10088
10094
10130
10143
10180
10181
10604
10606
10611
10612
10613
10614
10616
10617
10618
10622
10629
10632
10635
10672
10697
10912
10913
10914
11177
11183
11185
11188
11189
11302
11414
11415
11416
11427
11431
11432
11439
11441
11443
11446
11447
11448
11449
11450
11451
11452
11453
11454
11456
11457
11458
11460
11461
11462
11463
11468
11469
11479
11490
11491
11492
11497
11502
11503
11504
11505
11506
11508
11509
11510
11511
11512
11513
11514
11531
11542
11543
11552
11558
11559
11560
11561
11563
11564
11565
11566
11567
11568
11569
11570
11571
11572
11574
11575
11576
11577
11578
11580
11581
11582
11583
11584
11585
11586
11588
11589
11590
11591
11592
11593
11594
11596
11597
11598
11599
11600
11601
11603
11604
11605
11623
11625
11627
11632
11633
11634
11635
11638
11642
11646
11688
11690
11692
11696
11699
11826
11861
11877
11885
11889
11897
11899
11900
11901
11902
11903
11904
11905
11910
11911
11914
11951
11958
11959
11964
11965
11970
11981
