4711
33
173
182
195
203
204
205
206
696
702
724
725
726
727
728
729
730
743
806
956
957
958
961
962
963
964
965
966
967
968
969
970
971
972
973
974
975
976
977
978
979
980
981
982
983
984
985
986
987
988
989
990
991
992
993
994
995
996
997
998
999
1000
1001
1002
1003
1004
1005
1006
1007
1008
1009
1010
1011
1012
1013
1014
1015
1016
1017
1018
1019
1020
1021
1022
1023
1024
1025
1026
1027
1028
1029
1030
1031
1099
1100
1101
1102
1103
1104
1105
1106
1107
1108
1109
1110
1111
1112
1113
1114
1115
1116
1117
1118
1119
1120
1121
1122
1133
1134
1150
1176
1183
1339
1341
1475
1478
1479
1480
1481
1482
1483
1484
1485
1486
1487
1488
1490
1491
1492
1493
1496
1497
1498
1499
1502
1504
1505
1506
1507
1508
1510
1511
1512
1513
1514
1516
1551
1558
1696
1716
1718
1721
1722
1728
1736
1737
1739
1742
1745
1748
1755
1760
1762
1763
1792
1793
1794
1795
1796
1797
1798
1799
1838
1839
1840
1972
1981
1985
2038
2039
2051
2055
2062
2063
2129
2268
2269
2270
2271
2272
2273
2274
2275
2276
2277
2278
2279
2280
2281
2282
2283
2284
2285
2286
2287
2288
2289
2290
2291
2292
2293
2298
2299
2300
2301
2302
2303
2304
2305
2306
2307
2314
2326
2330
2334
2335
2336
2337
2338
2340
2343
2344
2345
2871
2872
2873
2874
2884
2888
2889
2890
2895
2896
2898
2903
2905
2917
2934
2941
2942
2944
3086
3087
3088
3089
3091
3305
3306
3413
3479
3480
3481
3482
3483
3484
3514
3841
3843
3844
4092
4093
4094
4095
4096
4097
4098
4099
4116
4117
4118
4119
4121
4124
4125
4128
4129
4130
4131
4132
4134
4368
4369
4370
4371
4372
4373
4374
4375
4376
4377
4378
4379
4380
4381
4382
4383
4384
4385
4387
4388
4389
4390
4392
4397
4680
4681
4682
4683
4684
4685
4686
4687
4688
4689
4690
4691
4692
4693
4694
4695
4696
4697
4698
4699
4700
4701
4702
4703
4704
4705
4706
4707
4708
4709
4710
4712
4713
4716
4853
4856
4857
4859
4860
4861
5092
5093
5094
5095
5096
5097
5098
5099
5100
5101
5102
5103
5104
5105
5106
5107
5108
5109
5110
5111
5112
5113
5114
5115
5116
5117
5118
5119
5120
5121
5122
5123
5124
5125
5126
5127
5128
5129
5130
5131
5132
5133
5134
5135
5136
5137
5138
5139
5140
5141
5142
5143
5144
5145
5146
5147
5148
5149
5150
5151
5152
5153
5697
