1.0 0.0 1.0 0.0
2.0 0.0 1.0 0.0
3.0 0.0 1.0 0.0
4.0 4.561647034801611e-54 0.15029098878346134 9.16
5.0 1.8407013028667013e-141 0.2420646782926847 25.688
6.0 3.578955704747505e-201 0.2847566556407078 38.048
7.0 9.813490728638126e-175 0.2667356155028209 44.488
8.0 0.0 0.366988313546779 57.968
9.0 0.0 0.3767442793518507 66.48
10.0 0.0 0.39463755732467687 83.032
11.0 5.378801664069589e-259 0.32409494137778994 90.44
12.0 3.5943724421630554e-280 0.33317287606067436 96.416
13.0 2.148234030604875e-65 0.16811286713663876 98.512
14.0 5.739809773680012e-28 0.10872457349920525 99.048
15.0 1.9336358030663224e-73 0.16833342840556406 99.808
16.0 5.58541037777386e-61 0.1503794715001553 99.792
17.0 0.004981007619411283 0.025117836291625464 99.88
18.0 0.9582317791220766 0.00046843507874624765 100.0
19.0 1.0 0.0 100.0
20.0 1.0 0.0 100.0
21.0 1.0 0.0 100.0
22.0 1.0 0.0 100.0
23.0 1.0 0.0 100.0
