233.93 1
234.75560000000002 0
235.5812 0
236.4068 0
237.2324 0
238.058 0
238.8836 0
239.7092 1
240.53480000000002 2
241.3604 4
242.186 4
243.01160000000002 10
243.8372 5
244.6628 8
245.4884 11
246.31400000000002 20
247.1396 23
247.9652 17
248.79080000000002 31
249.6164 46
250.442 37
251.26760000000002 57
252.0932 53
252.9188 73
253.7444 77
254.57 88
255.3956 110
256.2212 123
257.0468 141
257.8724 133
258.698 154
259.5236 193
260.3492 177
261.1748 173
262.0004 181
262.826 194
263.65160000000003 181
264.4772 211
265.3028 170
266.1284 199
266.954 221
267.7796 211
268.6052 212
269.4308 195
270.2564 176
271.082 191
271.9076 188
272.7332 161
273.5588 161
274.3844 137
275.21000000000004 141
276.0356 141
276.8612 124
277.6868 130
278.5124 113
279.338 101
280.16360000000003 103
280.9892 92
281.8148 75
282.6404 70
283.466 53
284.2916 82
285.1172 66
285.94280000000003 67
286.7684 65
287.594 42
288.4196 45
289.2452 34
290.0708 34
290.8964 32
291.722 22
292.5476 30
293.3732 16
294.1988 22
295.0244 14
295.85 17
296.67560000000003 9
297.5012 11
298.3268 6
299.1524 6
299.978 6
300.8036 5
301.6292 4
302.4548 4
303.2804 1
304.106 4
304.9316 1
305.7572 3
306.5828 4
307.40840000000003 1
308.23400000000004 4
309.0596 2
309.8852 1
310.7108 0
311.5364 3
312.362 1
313.1876 0
314.0132 0
314.8388 0
315.6644 1
