237.22 1
238.0225 0
238.825 0
239.6275 0
240.43 2
241.2325 2
242.035 4
242.8375 5
243.64000000000001 3
244.4425 6
245.245 9
246.0475 5
246.85 10
247.6525 13
248.455 17
249.2575 30
250.06 31
250.8625 33
251.665 38
252.4675 47
253.27 60
254.0725 52
254.875 74
255.6775 73
256.48 72
257.2825 78
258.08500000000004 114
258.8875 99
259.69 109
260.4925 117
261.295 125
262.0975 144
262.90000000000003 127
263.7025 163
264.505 161
265.3075 155
266.11 173
266.9125 151
267.71500000000003 149
268.51750000000004 172
269.32 152
270.1225 170
270.925 158
271.7275 161
272.53000000000003 178
273.3325 170
274.135 136
274.9375 145
275.74 130
276.5425 154
277.345 139
278.14750000000004 139
278.95000000000005 146
279.7525 106
280.555 121
281.3575 106
282.16 107
282.96250000000003 85
283.765 78
284.5675 93
285.37 78
286.1725 61
286.975 61
287.77750000000003 52
288.58000000000004 52
289.38250000000005 37
290.185 32
290.9875 28
291.79 30
292.59250000000003 30
293.39500000000004 22
294.1975 18
295.0 19
295.8025 17
296.605 15
297.4075 9
298.21000000000004 11
299.01250000000005 10
299.81500000000005 10
300.6175 6
301.42 5
302.2225 4
303.02500000000003 4
303.82750000000004 4
304.63 3
305.4325 2
306.235 1
307.0375 5
307.84000000000003 2
308.64250000000004 3
309.44500000000005 0
310.24750000000006 0
311.05 0
311.8525 0
312.65500000000003 0
313.45750000000004 1
314.26000000000005 0
315.0625 0
315.865 0
316.6675 1
