#|num|weight|mean|covariance matrix|
|0|877.0406750294405|30.771380386429858 -22.13110452490661 -21.293623747716225|15.670075432382497 6.715397613715593 -8.170787582656978 6.715397613715593 7.214031643900302 -4.548128726300312 -8.170787582656978 -4.5481287263003125 15.771435942630767|
|1|1003.4343128551512|21.82151686093702 -18.694254040922747 -1.0694966551866656|6.953494789486025 -1.9974485564207218 -3.1400971338106305 -1.9974485564207218 14.528499214791095 -4.507393999679348 -3.14009713381063 -4.507393999679348 11.884671897648841|
|2|486.62484393489586|54.86105096397789 -16.377898878814335 -26.74738951407836|6.724053538623373 5.771307218983974 8.3483244600546 5.771307218983975 7.116374154833589 6.479060487114367 8.3483244600546 6.479060487114365 18.33637683239279|
|3|1039.1036047646285|31.325703176373814 -18.24966766205522 -5.797061669269997|8.84397986920674 -5.647605913503831 -3.835121233244778 -5.64760591350383 15.357575493364866 1.349036732406466 -3.835121233244778 1.3490367324064665 11.45937977212584|
|4|968.0317052363458|19.97740659954394 -20.043579523840776 -12.616170178823982|10.802556089881522 2.305406500178745 -2.511692710533983 2.305406500178745 9.18500346072532 -6.825153378084288 -2.5116927105339832 -6.825153378084287 12.99611315968421|
|5|1126.2872928682364|38.95881992036874 -11.938910828427423 -20.352351090809147|7.0781141273424275 -1.3037712486282895 -3.9701045762547573 -1.3037712486282893 8.603169042093192 5.24456580992315 -3.9701045762547564 5.2445658099231505 21.339835269358073|
|6|1044.5168609570276|42.211670989903 -23.91513838134197 -25.594328162612367|11.069379101007591 -0.8979791995055124 -5.683893924515497 -0.8979791995055122 5.790649229386486 1.7323566270732376 -5.683893924515497 1.7323566270732376 14.572680426311617|
|7|1220.7060352024796|30.078876847183867 -14.93968974916581 -16.2220589806004|13.022968883313405 0.3356428973133997 -1.0736354279072997 0.33564289731339947 11.943237251113501 -1.6541075595679886 -1.0736354279072997 -1.6541075595679895 17.21719251208922|
|8|919.9286691517461|26.44530389937895 -27.214968421376522 -6.989094871953633|13.728883219838934 -1.9492425346577962 -6.1747265169415115 -1.9492425346577962 4.600376608773014 -0.04343317931120172 -6.174726516941513 -0.04343317931120172 14.31621953645324|
