229.22
227.96
227.35
227.74
228.35
229.25
226.78
227.99
228.84
232.18
225.99
226.61
229.17
229.08
228.53
226.72
231.25
231.03
230.18
227.03
227.86
230.08
226.01
227.15
228.06
230.90
230.18
228.83
228.10
228.95
229.60
230.09
231.05
228.29
230.68
233.90
230.45
230.52
228.97
229.38
228.41
226.07
227.53
227.43
231.28
231.07
232.01
231.77
226.80
229.54
229.46
227.47
230.79
230.12
231.49
232.81
231.32
229.25
227.63
230.66
230.43
230.37
226.76
229.72
227.71
226.62
226.99
229.09
228.92
230.17
227.59
231.23
227.35
230.22
229.28
226.94
227.14
228.79
230.06
229.51
229.14
229.34
227.60
227.27
229.96
227.61
228.91
231.21
227.26
226.66
228.66
230.52
228.17
230.32
230.30
227.54
231.26
229.88
230.97
227.58
229.18
229.22
226.64
228.51
228.57
228.00
226.23
229.38
229.70
229.69
230.32
230.98
229.51
229.15
228.29
227.78
230.97
227.59
229.90
230.61
230.03
230.57
227.82
230.04
231.59
231.30
229.57
227.40
229.43
229.97
230.70
226.93
230.35
228.78
228.90
231.55
228.21
228.14
230.12
229.51
230.85
229.52
227.02
228.97
231.06
229.81
231.50
229.47
227.82
231.23
226.31
229.88
230.30
230.93
229.12
228.34
227.48
230.72
228.69
226.10
228.53
229.01
227.03
227.10
226.59
228.48
226.83
228.79
227.17
230.62
230.41
227.68
230.70
229.68
228.16
228.80
226.62
227.92
228.60
228.00
229.73
230.39
230.76
230.68
229.09
226.82
229.42
227.53
230.31
227.78
227.77
230.57
229.78
229.42
227.80
230.59
227.23
228.71
227.60
227.00
228.95
228.94
228.24
229.57
229.57
228.53
227.68
228.35
229.77
229.40
229.61
232.33
228.71
226.35
230.68
226.40
230.14
230.22
228.22
231.52
227.98
229.63
227.69
229.28
227.97
228.88
225.88
228.76
228.58
227.71
231.53
228.67
230.38
226.07
228.25
227.69
231.45
225.57
230.14
229.02
228.47
225.47
229.83
231.06
228.59
229.15
229.46
229.01
227.92
227.55
227.16
227.93
226.80
227.77
226.63
231.71
227.71
230.63
228.13
228.52
229.23
231.35
229.59
229.37
227.20
227.82
232.52
229.69
230.61
227.95
228.13
228.40
228.32
232.33
230.22
226.80
228.65
227.13
227.63
231.71
228.72
231.08
229.84
229.22
231.32
230.03
228.21
226.79
230.09
230.48
229.22
229.61
230.50
230.08
230.63
230.70
228.08
228.13
229.04
231.44
227.39
230.50
232.75
226.21
230.18
231.82
229.21
227.03
229.02
231.44
227.82
227.53
229.10
227.77
229.26
228.21
231.75
229.26
231.26
229.79
228.11
228.12
226.55
230.67
229.27
229.80
229.04
230.43
227.50
230.04
228.10
227.76
228.56
229.90
229.12
229.03
228.29
227.63
228.05
229.04
227.47
226.87
231.59
229.03
228.59
233.28
228.42
230.82
227.64
229.21
226.25
229.42
229.04
231.21
228.46
231.06
228.03
227.23
229.73
228.93
226.46
226.47
229.17
227.64
227.17
229.38
229.81
231.25
229.43
229.52
230.17
227.63
227.20
230.64
230.00
226.60
230.48
229.57
229.17
228.64
230.35
226.07
228.77
227.94
229.49
228.18
228.85
229.50
227.81
226.80
229.11
227.37
229.07
230.43
229.74
228.39
227.83
227.89
229.71
228.57
228.11
229.93
229.67
227.08
229.07
227.96
227.51
229.91
228.40
231.70
227.49
228.02
228.30
231.38
227.35
227.88
230.40
226.39
227.17
229.15
226.50
230.26
228.94
231.46
228.77
231.52
227.36
230.30
231.31
230.54
227.39
228.29
227.53
230.18
229.71
228.99
229.99
230.13
231.41
229.99
232.06
230.16
227.18
228.96
228.85
228.94
226.27
228.76
229.47
228.03
230.56
229.01
228.05
226.61
229.10
230.68
227.32
227.01
227.94
226.80
230.39
228.79
230.09
228.15
230.66
226.55
228.32
232.65
229.06
228.82
229.61
228.01
227.74
228.91
229.94
230.11
227.72
231.29
226.42
228.83
230.59
227.28
225.50
225.47
226.60
226.06
228.40
229.22
226.20
228.51
227.26
227.33
230.84
231.12
232.04
228.71
229.78
230.86
227.00
228.95
230.32
227.94
229.76
230.05
229.85
228.03
230.25
230.12
226.73
228.37
228.15
230.13
230.61
228.80
230.51
231.52
227.39
229.22
229.83
229.78
228.70
230.11
230.46
229.25
228.74
228.71
229.53
228.31
227.41
229.26
229.26
228.49
230.76
230.35
228.70
226.90
228.92
227.13
228.41
231.11
231.35
230.22
231.09
228.50
230.30
229.71
228.21
227.39
229.69
230.74
231.07
229.24
230.88
230.40
231.41
228.98
226.58
227.65
227.13
227.59
227.38
231.73
229.51
227.94
228.75
228.44
228.05
226.44
229.63
232.59
229.52
229.43
230.23
229.29
229.24
228.78
229.33
228.12
230.74
230.36
227.94
230.29
228.44
230.39
229.82
229.47
230.13
230.41
228.99
230.49
228.95
228.79
230.02
230.49
228.67
227.58
228.20
228.15
230.41
229.31
228.64
229.05
226.67
231.86
230.14
227.59
226.06
230.31
229.32
228.67
227.89
229.35
230.21
229.40
228.84
228.71
227.31
229.69
228.51
228.72
228.46
228.53
226.78
229.62
231.80
228.34
230.95
228.63
228.25
227.70
227.58
228.79
230.45
229.42
227.73
228.28
230.27
230.41
231.34
228.62
225.82
230.03
227.97
228.83
231.39
230.36
228.92
230.32
228.42
231.46
228.74
230.24
227.87
228.76
226.68
229.09
231.26
232.40
227.67
230.55
228.96
227.34
227.81
228.12
228.52
229.48
230.84
228.24
227.63
229.88
231.76
229.57
226.98
227.50
228.33
229.58
231.71
227.51
226.05
225.90
229.56
227.41
227.58
231.02
226.73
230.10
231.93
228.77
229.87
227.80
228.87
228.31
233.38
228.30
229.41
231.76
227.08
230.47
227.48
227.89
225.71
227.59
227.77
230.32
229.21
230.31
227.70
228.98
228.17
228.74
227.48
230.89
230.77
228.36
226.60
229.14
230.44
230.58
230.22
229.45
230.34
230.71
227.83
226.88
227.61
230.43
226.79
232.87
226.82
227.19
229.57
230.28
227.70
228.38
227.21
230.01
228.36
230.71
229.98
230.28
226.71
226.38
228.80
224.89
229.39
229.53
230.26
230.12
231.60
226.25
226.79
231.20
229.46
229.90
229.71
228.54
229.64
230.61
227.83
228.72
230.31
228.81
227.21
229.22
229.51
226.37
228.18
227.71
226.47
228.06
229.42
229.90
231.58
229.18
230.08
228.99
227.68
228.07
228.88
231.39
230.44
225.86
228.65
226.69
226.33
229.00
227.84
227.01
230.57
229.54
229.27
228.34
228.11
228.67
229.15
229.61
229.64
228.13
228.15
231.83
230.52
227.71
229.86
230.44
230.21
228.62
231.09
230.16
226.84
228.67
227.33
228.45
230.61
228.16
230.05
227.39
227.80
228.14
230.20
229.13
226.47
230.31
230.94
227.37
228.23
228.70
230.38
226.84
230.08
228.71
228.59
229.56
230.83
230.62
234.48
231.09
230.71
228.21
229.26
229.36
227.94
227.91
228.59
228.19
228.11
230.06
230.36
228.85
228.26
230.39
230.16
229.84
228.38
230.99
231.03
233.80
228.90
229.60
227.71
229.90
229.08
231.59
228.72
229.66
230.81
229.58
229.59
229.57
229.10
229.02
226.54
230.35
231.50
228.87
230.05
227.62
226.93
230.26
227.90
228.36
226.92
229.21
227.91
230.87
228.61
230.38
230.62
228.14
229.96
228.86
230.50
229.24
229.06
228.62
229.02
225.94
224.81
228.94
230.72
228.94
228.14
230.93
229.44
230.68
229.36
229.23
230.48
227.12
228.77
230.87
226.94
227.73
228.56
230.25
227.97
230.63
229.62
230.39
228.07
229.78
230.64
227.20
227.49
226.63
229.14
230.09
230.58
229.69
230.16
229.91
230.67
229.84
230.39
229.54
232.66
229.15
226.61
225.85
229.97
230.80
226.21
226.19
230.14
229.70
230.04
229.96
232.79
228.02
230.58
229.26
228.41
226.44
231.83
226.43
229.09
230.75
229.53
228.29
229.29
228.75
227.14
230.70
227.55
227.25
228.94
230.44
230.35
227.67
230.98
231.50
227.01
227.79
226.71
226.03
230.07
228.58
227.53
230.52
230.85
229.84
228.26
229.45
230.05
230.51
228.13
230.41
231.82
226.60
229.83
230.81
228.02
231.24
232.21
230.72
227.54
230.55
229.24
230.01
229.96
227.99
228.45
228.43
230.10
225.83
230.06
231.52
227.95
228.73
229.59
227.53
229.34
230.87
229.34
228.11
229.03
227.27
228.28
230.44
230.14
229.03
230.43
230.59
231.57
228.78
227.47
229.06
226.46
225.87
227.39
227.42
225.53
231.82
230.25
229.68
231.09
229.09
228.43
230.17
227.12
230.29
232.16
229.80
229.98
228.42
226.02
227.43
232.18
231.44
232.84
232.85
230.63
230.90
228.41
227.99
229.27
231.56
231.89
229.46
227.70
229.34
229.77
227.63
233.60
228.71
228.96
229.74
226.67
233.31
228.26
228.05
229.44
228.17
228.98
227.80
230.57
227.64
227.44
228.09
228.53
230.23
229.97
229.85
227.08
231.58
228.36
227.67
227.43
226.91
227.01
230.12
229.00
231.17
229.79
226.72
227.68
228.12
226.46
229.69
227.13
230.61
228.52
228.52
229.70
226.83
228.52
230.41
229.54
230.86
230.70
230.70
230.45
228.17
229.29
227.93
229.12
231.02
232.14
229.61
228.28
227.33
229.66
228.17
230.08
229.10
227.64
229.06
227.53
230.43
230.31
229.30
226.99
229.42
226.42
228.51
228.98
230.28
227.79
230.18
233.29
229.29
228.12
228.05
229.49
229.14
226.32
231.25
228.91
230.31
233.26
230.11
229.09
229.06
228.04
229.79
229.59
228.28
230.44
228.76
230.46
230.05
227.25
227.42
229.04
228.88
230.75
230.82
228.82
228.46
229.84
228.84
230.11
229.50
229.01
228.08
226.98
230.08
226.92
228.86
230.40
228.55
229.81
228.79
230.01
230.69
230.81
227.15
229.72
229.85
227.57
229.58
229.33
228.83
231.34
231.98
228.02
227.80
230.45
229.54
230.34
227.96
229.80
230.70
230.60
229.30
226.39
229.05
227.89
230.31
229.70
227.96
230.74
227.45
228.39
228.16
225.13
230.44
229.18
230.09
228.10
228.09
228.07
229.35
227.72
229.39
229.88
229.44
229.45
227.25
227.35
230.35
226.97
229.59
229.82
228.89
227.88
227.01
229.15
227.76
230.68
227.95
230.91
228.44
229.41
227.53
231.08
228.20
230.92
228.94
228.75
228.58
230.65
229.87
231.11
229.82
227.67
230.12
229.67
228.95
229.18
229.91
230.37
229.76
229.58
228.64
226.87
227.48
229.15
229.60
230.84
227.33
229.84
230.02
229.68
230.18
228.92
229.21
228.73
228.03
229.05
228.84
227.71
227.99
229.75
228.52
228.85
227.90
227.66
228.09
228.02
229.45
226.37
228.85
227.92
225.69
228.78
229.10
229.28
227.78
227.73
230.50
226.84
232.21
227.52
230.53
230.95
228.32
229.93
226.67
227.64
226.18
228.51
228.90
228.94
229.28
230.34
227.61
230.75
227.75
228.64
229.78
229.96
232.05
233.17
228.69
227.97
231.95
229.23
230.20
229.81
228.28
228.38
226.77
230.97
230.68
231.43
228.51
227.26
227.55
227.14
229.99
229.49
228.38
229.88
230.09
228.38
229.36
226.96
228.73
229.95
232.21
229.33
226.60
227.91
228.47
229.08
227.12
226.51
228.89
230.92
228.31
228.80
228.77
228.09
229.52
228.63
229.58
229.61
230.26
234.18
230.56
228.74
229.63
228.35
230.74
230.59
227.65
230.22
228.59
226.41
228.97
229.46
229.53
227.35
228.12
229.31
229.79
227.50
229.17
229.91
226.38
230.52
228.48
229.09
228.87
230.34
226.69
227.52
230.45
226.65
230.69
230.38
228.12
228.88
229.15
230.13
227.12
228.80
230.84
230.03
229.43
228.84
226.15
228.13
227.00
230.62
228.04
232.98
229.15
232.00
229.49
229.09
225.53
230.71
226.34
229.17
227.33
226.13
227.81
229.67
230.30
227.53
226.16
229.62
227.67
228.82
228.96
225.45
230.13
227.98
229.23
228.36
227.66
228.02
227.88
229.55
225.79
227.13
228.52
228.42
228.02
228.70
229.18
225.94
230.27
228.79
229.74
230.59
230.09
229.42
231.30
231.01
230.61
226.68
227.60
227.98
228.76
228.55
226.86
230.01
227.59
229.80
226.41
226.72
228.57
230.97
227.98
229.42
228.61
227.95
228.08
229.60
228.69
230.80
228.08
229.46
228.74
227.40
225.76
227.35
230.35
229.31
228.02
229.35
230.29
230.25
228.66
230.29
231.49
231.07
230.43
227.75
230.78
226.30
230.25
227.43
228.77
228.66
227.40
228.90
228.57
230.43
229.22
229.74
229.70
227.02
227.79
229.34
230.14
226.47
228.50
231.20
232.76
229.65
230.78
231.21
230.31
230.10
228.59
230.72
231.54
229.20
228.23
227.97
229.70
228.93
227.40
229.21
224.79
229.56
227.22
228.31
229.52
229.08
231.17
227.45
232.68
225.90
232.13
230.48
226.96
230.31
228.02
228.26
226.30
228.09
229.40
230.50
227.14
229.73
227.71
226.02
229.09
229.87
227.35
229.40
228.51
230.89
229.32
228.43
226.47
233.77
227.72
229.53
233.78
231.27
228.95
229.57
229.24
227.56
228.15
228.84
228.36
231.18
229.39
226.64
228.94
229.84
231.58
230.69
228.47
229.58
229.95
230.66
228.93
230.08
229.30
229.65
231.18
226.13
227.78
229.74
228.76
230.07
230.01
225.89
226.55
229.71
228.77
227.34
229.63
227.79
230.76
230.43
228.03
230.63
230.62
230.85
230.36
226.67
229.28
228.24
226.35
231.44
227.05
229.04
228.94
227.82
227.43
229.42
229.30
229.13
229.66
228.46
229.46
229.26
228.33
230.13
226.30
230.26
229.83
232.17
229.98
228.53
227.26
229.84
229.75
226.18
227.44
230.44
228.00
230.39
231.18
230.15
229.67
230.04
230.39
231.09
231.17
229.35
231.86
230.37
231.25
230.60
228.68
229.16
227.77
229.12
231.41
228.70
227.81
230.40
230.42
230.62
227.23
230.14
229.59
228.67
225.99
228.75
229.62
229.21
229.23
229.38
229.16
226.91
228.76
230.74
230.91
227.70
227.85
227.25
230.35
230.39
229.40
229.89
226.97
227.50
229.03
226.86
231.31
229.55
227.54
230.70
228.49
226.87
227.95
227.86
230.43
226.22
227.05
228.87
228.48
228.95
229.85
227.96
228.86
229.24
228.20
230.54
229.98
226.96
227.66
230.31
230.68
230.46
229.98
227.75
231.01
231.34
230.80
229.57
227.34
228.41
230.13
228.82
230.81
227.03
227.26
228.35
230.08
226.27
229.00
229.70
227.43
230.60
230.87
227.50
227.87
228.08
227.59
228.94
230.35
230.55
230.00
227.80
229.08
230.06
227.66
229.27
228.89
231.41
231.46
226.71
229.00
226.39
228.71
229.94
229.70
230.53
228.35
233.23
228.96
227.94
230.47
230.63
227.26
229.12
229.49
227.67
230.27
229.99
230.04
227.33
230.40
227.71
225.56
230.50
226.68
226.46
228.84
227.74
230.05
229.11
230.02
231.72
228.31
228.09
227.57
227.48
227.64
227.89
226.50
229.53
229.82
227.86
227.73
229.82
226.50
226.60
229.81
226.67
227.78
230.69
231.65
228.66
229.40
227.94
227.51
227.27
229.91
228.07
229.61
228.74
228.35
227.39
227.54
230.66
230.80
231.05
230.35
228.31
227.63
227.68
226.68
229.22
228.93
230.81
229.16
230.54
229.67
229.80
228.28
229.85
229.57
230.96
230.72
229.75
228.24
226.71
226.59
228.75
228.12
227.18
230.11
230.00
229.69
226.21
228.46
231.05
227.42
228.20
231.35
230.65
229.95
230.40
226.41
229.73
230.30
230.16
226.93
227.14
229.02
228.03
229.11
226.66
229.14
229.89
229.53
229.55
227.66
227.53
227.57
227.35
231.14
229.79
230.79
230.27
228.79
231.74
229.00
228.56
229.75
231.45
229.74
226.61
226.68
229.41
227.63
229.63
230.82
229.63
229.86
228.69
228.76
227.89
233.50
229.24
228.10
226.12
230.48
227.31
230.46
225.86
230.66
230.51
228.61
229.01
231.15
230.83
232.03
228.95
230.97
229.80
229.35
229.98
226.27
229.46
227.25
231.74
228.31
227.43
226.74
228.35
229.66
228.06
225.96
228.10
228.06
228.75
227.71
228.96
230.63
229.59
228.60
230.73
228.83
229.31
228.70
229.24
228.60
228.43
229.84
227.23
228.61
229.87
228.20
230.26
229.55
227.36
226.93
228.35
228.58
229.75
229.99
229.72
228.12
226.62
229.61
225.98
226.19
228.77
229.73
228.57
227.94
229.51
230.60
229.61
225.13
231.28
229.09
229.27
228.72
229.79
228.98
230.22
230.15
229.22
229.19
231.62
227.82
227.67
230.89
229.68
228.06
233.15
230.96
229.59
229.47
228.94
230.19
227.60
229.01
229.10
230.79
230.00
227.61
226.52
229.02
228.09
229.05
227.07
229.22
229.63
229.12
229.96
230.20
229.61
229.06
229.18
229.18
228.03
227.64
230.49
230.08
228.72
226.05
231.12
228.73
227.21
229.57
230.39
228.65
228.45
228.56
228.49
229.68
230.15
227.26
229.34
227.55
230.59
231.00
228.41
230.99
226.98
229.77
228.34
227.21
228.96
230.82
229.76
228.93
231.22
229.26
229.12
227.12
229.91
228.22
229.41
227.40
226.68
228.16
230.90
228.61
226.94
228.31
229.60
227.98
227.07
231.26
228.08
230.71
228.11
231.53
227.00
229.49
228.65
228.10
227.57
226.47
228.43
228.06
226.74
229.92
228.85
230.75
229.30
229.41
228.65
229.93
228.05
229.77
228.89
229.45
228.41
228.44
230.73
231.63
228.39
230.06
225.72
228.51
227.03
227.78
230.35
226.65
229.28
228.80
227.75
230.44
229.57
229.98
227.92
228.94
227.75
230.46
230.57
225.83
226.25
227.09
230.75
229.17
228.66
229.26
226.92
227.85
228.79
227.71
228.29
230.58
230.63
230.03
227.29
228.39
227.34
228.20
231.25
230.27
229.68
226.77
229.91
230.33
227.19
228.43
230.88
230.53
227.45
228.88
229.35
228.30
230.16
229.76
226.57
230.19
230.05
229.03
228.93
228.65
230.70
229.99
228.92
226.90
226.48
228.87
228.38
230.65
226.66
227.58
228.08
228.06
227.40
231.62
228.61
232.07
227.48
229.52
230.50
231.81
226.73
230.19
229.11
229.74
226.09
228.93
228.28
229.28
227.43
228.37
228.94
231.78
229.96
227.48
226.39
231.42
228.84
230.17
229.58
230.07
230.09
230.88
229.86
228.03
227.54
230.05
227.95
230.18
229.51
229.33
227.98
230.08
231.49
230.46
230.51
229.10
230.26
229.22
233.42
227.78
226.93
229.00
228.98
229.88
228.87
229.95
227.24
227.28
233.82
228.82
228.95
230.69
228.44
229.68
227.04
228.29
230.54
229.85
228.97
232.80
229.12
226.74
228.54
230.26
231.62
232.58
227.91
228.07
230.31
227.61
228.05
228.21
230.58
230.41
228.39
229.41
230.17
229.00
229.72
228.31
228.10
228.03
228.19
228.77
227.84
230.47
232.37
228.91
230.47
230.67
228.22
229.72
230.75
227.07
230.43
228.67
228.11
228.74
231.49
229.04
228.79
227.95
228.83
227.58
228.16
228.16
228.51
231.68
229.72
226.52
231.16
230.02
225.87
230.62
230.22
226.16
230.72
226.37
228.34
228.68
230.30
230.98
227.26
229.57
230.75
228.74
229.52
230.11
228.69
228.20
229.70
234.74
230.27
228.32
228.83
229.30
228.04
227.21
232.76
229.75
228.13
228.62
229.54
226.24
230.28
230.37
230.64
230.10
228.99
227.36
228.28
228.36
229.12
227.73
227.28
230.49
230.80
229.70
228.28
227.06
229.51
228.17
228.97
227.13
230.18
227.64
228.11
230.11
230.98
226.66
229.50
230.74
227.46
226.20
227.32
229.51
227.75
229.10
229.96
229.18
229.19
227.34
227.66
229.74
228.26
228.99
226.55
228.74
227.82
226.70
228.14
226.19
225.76
228.18
229.48
229.58
230.95
229.76
231.98
227.47
227.69
228.26
227.34
227.23
227.57
227.16
229.97
229.42
227.66
227.85
227.88
228.06
231.29
229.96
230.67
229.29
227.15
230.39
228.85
229.52
227.46
228.35
231.12
232.12
229.69
229.82
230.60
229.34
226.83
226.69
230.23
231.29
230.90
228.28
230.80
227.84
230.17
228.15
229.36
230.65
228.90
231.05
227.12
229.99
231.44
230.89
228.09
231.91
228.85
228.99
230.62
230.73
226.15
230.91
227.75
228.73
228.28
229.91
228.06
227.65
230.57
230.05
228.98
230.74
229.63
228.21
224.80
226.55
227.91
229.91
229.53
228.22
230.43
227.81
230.35
229.30
226.91
229.44
229.83
226.58
225.78
229.18
230.13
227.40
228.37
233.04
229.48
231.94
229.94
233.52
233.00
227.01
228.43
230.81
228.73
227.57
230.53
229.27
228.02
230.92
230.76
226.69
227.70
226.56
228.42
230.84
229.12
228.02
227.81
230.93
229.62
228.51
230.64
228.70
229.79
229.65
230.62
231.67
231.96
228.99
225.55
229.71
229.14
231.26
229.77
232.00
227.48
233.26
229.66
229.18
230.66
230.33
228.74
227.82
227.85
229.98
225.31
229.69
229.08
228.67
230.26
231.03
229.78
227.83
229.78
231.10
228.86
229.72
229.94
228.72
228.82
227.13
226.51
227.86
228.43
227.95
228.16
227.23
232.17
229.30
228.44
229.55
230.28
228.10
227.22
229.12
229.37
227.99
229.31
229.64
227.81
233.24
229.10
231.31
229.94
228.72
228.01
228.01
230.67
227.66
229.65
230.11
231.32
228.54
229.17
230.14
230.53
229.25
231.23
227.14
229.38
229.54
230.25
230.28
229.10
228.13
231.44
231.46
227.27
228.97
227.05
229.43
226.94
229.08
228.56
229.70
230.76
229.33
231.63
229.40
225.84
229.52
228.33
227.88
233.13
226.11
230.88
227.73
230.10
228.88
231.61
230.59
228.17
228.71
229.71
228.26
231.41
227.97
227.43
227.07
227.51
229.87
230.39
229.98
229.56
229.98
227.63
228.91
229.36
229.61
229.85
228.27
228.87
227.69
227.60
229.08
229.78
230.49
229.14
229.77
231.80
230.15
231.01
229.67
229.91
227.35
229.49
231.64
229.16
228.33
227.29
228.17
228.79
229.87
231.80
231.81
229.42
229.33
228.14
230.81
230.26
229.00
227.49
227.64
227.65
227.77
228.13
227.87
227.66
227.67
228.42
228.75
227.81
226.58
227.52
231.63
227.00
229.38
230.42
230.87
228.13
227.56
230.29
229.40
227.11
226.77
229.19
227.47
225.92
230.35
227.78
228.73
227.98
230.63
226.73
230.17
230.68
229.54
230.05
229.06
228.51
232.94
228.52
226.35
227.52
231.60
229.87
228.96
227.30
231.38
231.45
229.34
228.47
228.87
228.97
228.48
229.07
231.79
229.26
226.17
230.81
232.00
229.14
231.01
229.44
227.58
227.50
227.83
227.77
229.52
228.33
228.43
230.03
229.55
227.38
230.70
234.31
227.56
227.96
229.00
230.72
230.00
230.32
228.00
228.97
229.85
230.25
228.78
229.80
226.71
230.24
228.41
227.08
230.73
230.46
231.08
228.63
229.13
230.31
230.55
230.56
227.10
225.71
229.58
227.14
229.13
227.11
226.96
226.01
230.19
227.45
226.66
233.07
228.35
230.38
230.72
227.93
231.21
227.36
229.99
227.89
229.85
228.86
230.29
228.59
230.48
230.07
228.93
230.93
230.26
230.40
231.46
229.05
227.01
226.18
229.26
228.79
227.69
227.79
227.10
229.16
227.61
227.76
230.49
229.15
230.34
230.33
227.13
228.13
228.98
229.14
229.63
230.27
228.39
228.51
229.35
231.31
227.33
229.41
228.10
230.95
229.72
227.54
228.75
229.30
230.59
229.28
229.72
229.23
227.06
229.68
231.45
229.19
230.41
228.75
230.18
227.20
230.52
232.16
229.74
229.98
229.18
228.28
230.04
228.01
229.13
226.69
228.12
226.17
227.30
228.17
229.55
228.11
226.64
229.48
226.90
228.17
230.52
225.25
231.05
230.54
229.34
229.33
229.01
230.16
230.45
228.04
228.84
226.80
228.09
230.37
230.40
231.33
230.03
230.45
229.17
230.27
230.27
230.75
225.95
227.71
225.93
229.98
229.56
228.99
229.24
227.81
226.98
228.56
227.52
229.59
227.09
227.33
230.79
228.40
229.92
228.74
231.60
229.44
227.35
227.45
225.92
227.86
231.07
230.34
230.08
228.21
227.18
226.78
228.64
231.72
227.96
230.82
226.72
227.62
227.58
226.86
228.41
228.26
230.26
229.34
229.08
230.93
225.65
227.45
230.91
229.56
228.53
227.30
231.63
226.95
228.54
229.91
226.18
227.26
231.42
228.66
230.94
227.83
228.78
229.48
227.70
227.76
231.39
227.95
230.88
228.64
230.17
229.68
227.98
228.86
226.99
227.88
228.82
228.42
232.36
229.19
230.07
229.93
230.65
230.26
228.28
231.14
228.39
230.54
226.75
231.16
226.95
230.09
225.59
227.35
230.42
229.35
230.03
227.83
228.40
228.54
228.98
230.11
230.38
229.40
229.38
229.89
229.40
227.19
227.67
230.18
229.14
226.22
229.52
230.21
228.40
227.73
229.56
228.40
228.12
228.88
227.39
229.20
230.56
232.39
229.82
226.05
226.03
229.65
227.70
230.73
229.32
230.52
235.00
230.11
229.66
226.72
231.00
229.44
227.72
225.87
226.44
230.23
230.91
227.80
226.95
229.28
229.64
228.31
231.09
229.75
229.92
230.57
227.14
227.83
230.56
228.70
230.82
228.70
230.33
227.05
228.08
227.68
230.72
229.22
231.47
225.69
228.16
228.33
225.79
229.46
229.69
228.38
230.99
230.68
228.09
228.67
227.24
230.96
227.84
228.69
229.63
228.76
230.55
228.49
228.89
230.13
229.45
227.20
228.57
231.90
228.39
230.70
228.90
232.37
228.71
227.99
229.04
227.38
230.96
229.73
229.39
229.42
229.63
227.74
230.16
227.92
230.57
229.41
228.97
226.23
229.18
231.23
227.90
228.08
228.93
226.47
230.57
230.36
228.38
226.41
231.09
227.33
228.16
228.30
228.27
228.69
229.71
228.73
230.63
230.19
230.22
229.46
228.22
226.77
226.53
232.33
229.07
228.69
229.21
228.09
229.56
228.85
228.99
225.48
227.70
226.42
230.00
227.06
227.76
230.78
227.88
230.99
229.90
230.31
230.34
230.05
228.46
227.67
228.81
231.33
233.36
229.81
230.56
229.05
229.59
230.25
228.69
228.97
228.65
228.10
230.15
229.47
230.41
228.81
230.53
229.23
228.88
228.84
231.46
226.16
230.89
227.23
226.81
226.26
228.27
227.86
230.24
229.07
226.15
230.31
226.34
228.30
231.59
230.42
232.12
231.35
232.86
226.63
232.13
226.99
229.68
228.65
227.71
229.57
231.58
231.17
230.12
226.44
226.88
228.82
229.82
226.10
228.01
227.61
230.37
227.98
226.51
228.24
230.71
228.75
231.03
231.28
229.20
227.73
228.66
227.63
228.48
230.98
231.55
227.27
226.33
229.26
229.48
226.53
227.36
228.19
229.55
230.24
228.01
230.49
229.93
227.44
228.80
227.40
227.02
228.01
229.03
229.08
230.11
229.77
229.79
227.46
232.03
229.09
230.16
229.00
229.44
225.69
229.45
230.42
228.53
228.82
229.93
229.40
229.00
228.70
230.43
227.10
229.37
230.04
229.45
227.12
227.10
231.44
227.56
230.29
229.27
226.72
228.68
229.79
228.27
229.34
228.90
228.03
229.35
230.01
228.49
228.39
225.52
227.51
229.01
229.09
229.14
232.83
229.53
229.35
226.92
225.52
227.05
230.75
229.29
228.02
229.45
228.60
228.86
229.88
230.61
229.88
228.52
228.92
229.52
228.39
231.14
227.53
230.23
231.10
229.14
229.35
230.29
228.43
228.67
228.75
230.42
230.20
230.59
227.88
228.99
230.47
229.48
229.39
228.51
229.31
228.55
228.18
229.09
227.98
226.67
228.71
228.14
228.08
229.18
228.57
228.56
228.16
228.49
228.79
231.02
228.79
228.58
231.05
231.38
231.32
229.01
226.57
229.57
228.41
230.33
229.16
230.30
230.33
227.71
231.26
230.60
226.43
230.41
229.14
231.46
229.22
227.79
228.78
228.05
225.36
227.05
229.80
227.99
229.88
227.51
229.35
229.49
231.27
229.12
230.69
227.45
231.70
228.61
228.10
227.34
229.13
234.30
229.44
229.16
230.05
227.28
229.29
228.39
228.47
230.50
228.44
227.85
232.16
228.57
231.04
228.49
228.63
227.66
229.20
230.31
225.46
229.58
227.57
229.63
230.76
228.15
231.98
230.51
229.45
226.50
230.42
228.63
229.19
230.52
229.76
231.36
229.07
229.21
228.74
228.58
230.12
228.01
226.88
228.86
228.95
226.43
228.70
232.85
228.84
231.06
230.55
228.43
228.71
227.43
226.94
229.54
229.90
227.13
229.40
230.25
229.47
230.03
229.69
228.58
227.84
228.22
230.52
230.88
227.72
227.91
227.69
228.47
229.87
227.48
228.53
230.36
227.96
228.05
229.90
229.87
227.40
229.19
228.46
226.59
228.78
227.24
230.22
227.68
230.40
229.89
232.00
229.50
230.60
229.94
228.96
230.61
229.07
228.05
230.00
228.53
228.83
229.26
229.20
230.79
227.42
230.61
229.52
229.70
229.17
230.63
227.75
227.12
228.62
230.18
227.88
229.87
227.98
229.25
230.43
226.61
225.40
231.93
228.90
231.17
229.21
229.31
230.13
228.11
230.68
227.86
231.14
229.26
230.31
228.82
227.21
231.39
227.52
229.97
229.91
229.15
226.12
229.38
227.19
229.29
226.15
230.41
228.67
227.19
227.84
227.95
226.66
227.59
228.79
227.55
228.69
229.38
228.75
230.47
228.97
230.91
228.40
230.08
230.21
228.68
230.87
229.42
227.36
230.34
227.79
229.69
231.12
229.67
228.93
230.70
227.42
227.01
228.93
229.43
229.01
230.16
230.06
230.22
231.15
230.32
230.30
230.63
229.44
229.27
229.28
226.90
228.63
227.85
227.74
228.91
231.91
228.00
227.06
230.84
233.88
229.33
227.85
226.37
226.59
228.06
229.38
230.05
229.33
231.38
225.90
229.78
227.62
230.03
226.54
232.81
229.64
229.28
228.47
228.47
226.29
229.50
230.80
230.04
229.17
231.35
228.02
227.58
230.95
226.99
229.37
230.00
230.35
226.49
226.50
230.92
231.20
231.95
230.20
228.83
227.73
228.21
229.74
227.46
230.72
228.28
228.97
228.99
226.64
228.34
226.09
229.38
227.89
228.57
230.85
231.18
229.43
227.78
227.86
228.70
231.46
232.20
228.57
229.09
227.21
229.38
229.44
227.46
229.37
230.13
232.25
229.01
231.12
228.74
229.73
230.17
229.79
230.66
228.70
228.26
229.75
228.70
227.88
231.23
232.08
229.71
227.63
229.60
228.69
229.12
228.94
228.18
227.48
227.37
231.70
228.82
228.92
227.86
229.93
225.97
228.25
231.55
231.38
230.08
229.64
228.45
227.68
227.54
228.82
230.43
228.07
231.59
230.29
228.19
230.68
233.27
230.56
227.48
230.75
231.46
227.16
228.53
229.00
231.60
226.96
226.68
230.04
227.93
230.17
228.71
225.31
229.05
229.71
229.59
228.61
228.59
227.78
228.06
228.93
229.34
230.87
227.13
230.24
229.72
229.20
229.42
229.74
229.76
230.06
227.59
229.20
230.23
230.77
228.44
231.16
232.72
228.05
229.83
228.87
228.80
228.58
228.01
231.01
229.66
230.16
230.83
229.64
229.87
228.90
229.17
225.13
230.66
229.57
231.41
229.42
230.19
228.44
229.69
228.25
230.49
230.01
229.72
230.88
227.59
231.19
233.82
228.12
227.96
230.40
225.52
227.33
226.73
230.67
229.66
229.55
227.35
229.41
231.41
228.95
229.55
228.68
231.17
227.51
231.60
234.01
228.46
231.02
230.61
230.18
229.88
230.36
228.24
225.79
230.69
229.44
229.88
230.09
228.53
228.24
230.15
228.82
227.03
227.65
231.01
229.39
229.61
229.91
230.16
227.61
229.58
229.31
230.77
231.53
227.42
230.83
231.31
228.07
225.09
229.85
229.53
226.97
228.12
228.44
228.49
226.40
230.39
228.49
230.51
229.12
226.96
230.53
230.73
228.25
227.52
230.26
229.56
226.87
229.52
230.78
229.68
230.22
229.48
229.29
228.61
229.56
228.07
228.97
229.80
227.52
229.67
230.35
229.34
227.02
231.01
227.58
226.58
229.19
230.63
226.89
229.78
229.06
228.72
228.78
228.27
229.63
227.36
228.57
229.50
229.19
226.19
230.14
225.72
229.71
228.68
230.73
227.27
227.05
228.01
228.51
226.72
229.50
227.37
227.14
229.10
230.46
226.70
230.98
229.40
232.68
229.77
229.62
230.02
230.41
229.01
227.76
229.87
227.95
230.97
230.12
230.51
232.84
226.62
229.21
229.15
228.97
228.67
230.00
231.17
226.13
229.77
230.36
228.84
230.59
228.29
232.03
226.70
228.63
228.51
225.93
229.15
230.38
227.46
228.93
230.20
230.95
227.01
230.42
231.29
228.20
227.72
231.58
227.36
230.49
230.58
228.04
230.02
229.93
230.82
228.13
227.84
230.72
227.12
230.11
228.97
230.91
229.64
228.77
230.67
227.93
228.90
228.44
228.69
227.40
227.87
227.37
230.89
230.73
227.49
231.21
229.39
227.91
230.60
228.99
231.77
228.59
229.33
230.42
232.77
228.47
227.27
228.72
230.03
227.30
226.51
227.68
229.33
227.32
229.69
229.92
230.22
227.53
229.30
229.07
229.92
228.82
232.89
230.67
229.57
227.66
227.22
228.71
228.88
229.43
225.95
227.23
229.12
229.40
231.00
228.86
231.31
233.76
226.11
230.83
229.81
229.43
230.01
229.44
230.71
229.29
231.94
230.12
230.02
227.08
231.33
229.99
227.34
227.41
228.89
228.17
229.66
229.71
226.77
229.04
227.95
228.80
229.64
231.16
228.67
227.07
233.35
230.98
229.63
227.24
228.57
229.70
227.83
230.21
227.92
230.33
229.61
229.46
226.59
230.00
230.04
226.54
229.67
230.03
229.76
228.83
230.47
231.22
228.66
229.82
225.81
228.25
229.01
229.83
228.31
229.94
228.86
227.99
228.11
228.11
228.68
229.45
228.54
231.08
231.11
228.77
230.47
231.17
229.82
231.81
230.45
230.63
226.63
227.86
227.96
229.47
230.11
228.91
230.64
226.92
228.23
230.83
229.06
230.84
229.87
226.76
229.10
229.45
230.26
226.48
230.08
227.99
229.56
227.54
226.85
226.01
228.18
229.41
226.52
227.33
226.46
225.33
226.14
231.78
229.64
231.05
229.55
230.08
231.77
229.20
226.71
231.17
235.32
229.68
228.33
228.90
231.63
226.93
229.64
228.27
229.85
230.60
230.67
230.56
229.99
229.94
228.84
228.76
227.21
228.73
229.64
228.84
231.03
228.40
226.68
228.27
228.99
227.97
231.29
230.14
227.23
228.12
229.67
228.34
230.98
229.68
230.56
228.18
228.44
228.92
228.98
230.19
230.71
230.34
229.43
229.25
230.08
226.80
227.82
227.73
225.56
228.34
226.76
228.28
226.60
229.90
230.41
230.37
225.50
228.46
231.68
227.62
226.78
228.14
227.98
228.95
228.75
227.93
228.56
229.04
227.31
230.56
228.42
230.29
231.66
229.72
227.58
230.53
230.68
229.85
230.42
228.34
226.52
225.69
230.24
230.62
228.81
227.34
230.29
230.10
230.31
229.27
230.16
227.85
227.83
226.73
230.53
230.36
228.13
229.39
230.90
228.99
230.13
230.14
231.14
228.27
228.95
230.45
228.13
227.45
231.35
230.16
230.43
227.62
230.37
229.01
227.27
226.78
226.35
229.76
228.87
229.62
226.77
229.66
227.18
229.96
230.49
229.41
231.98
229.99
230.54
228.17
230.26
231.54
230.08
229.13
228.49
227.78
228.47
226.59
230.93
227.90
231.37
229.99
226.80
227.64
229.77
228.93
227.85
228.18
227.35
225.86
230.25
226.24
229.67
226.60
230.83
229.19
230.53
228.44
227.09
230.25
228.44
231.64
226.68
228.30
229.17
226.81
228.23
227.24
228.74
230.01
229.51
227.33
228.34
230.95
227.39
226.10
228.86
229.73
232.46
227.29
232.36
228.32
231.27
229.96
224.80
230.92
230.00
231.73
228.23
228.86
229.73
229.07
229.19
230.37
230.91
229.63
229.08
229.30
230.13
232.45
226.75
229.99
229.72
227.22
228.48
229.24
230.28
230.57
228.52
227.64
229.09
226.18
227.74
226.88
230.31
229.61
231.78
231.06
226.17
229.36
228.40
227.99
228.17
229.29
229.20
229.30
228.22
231.06
231.51
232.09
228.62
230.62
228.14
229.49
228.41
230.27
227.71
229.40
229.89
227.29
227.62
229.35
228.29
231.37
228.16
227.70
228.92
227.51
227.47
231.06
227.90
228.16
229.04
229.68
230.00
227.01
230.37
229.49
230.09
230.16
228.29
228.78
229.37
228.71
229.91
230.76
226.91
228.07
226.40
230.36
228.34
231.62
228.57
230.21
226.86
229.95
229.73
229.45
228.26
229.30
230.28
230.38
228.33
230.17
229.62
229.12
227.10
230.59
231.63
229.00
231.28
231.43
226.39
226.86
228.09
230.28
230.82
227.78
231.06
226.61
228.05
230.28
227.85
228.16
228.76
228.13
227.52
228.14
228.27
228.25
227.84
228.26
228.25
229.88
230.67
229.70
228.03
228.12
225.18
227.40
226.14
225.72
227.43
226.37
227.30
229.57
228.74
228.68
229.31
229.58
229.63
230.45
228.34
228.79
230.61
228.57
229.55
229.42
228.40
230.88
228.27
229.79
228.47
228.25
226.50
228.22
232.92
229.32
229.54
229.17
228.84
228.60
228.44
229.53
228.05
230.75
229.96
226.27
226.39
227.64
229.70
227.70
229.51
227.87
229.49
230.16
229.31
228.86
229.61
230.87
232.12
228.58
228.06
230.89
230.77
227.71
230.92
229.20
227.31
226.80
227.15
227.66
228.01
226.44
230.19
230.42
231.29
231.21
228.48
226.85
229.69
230.45
230.51
233.17
226.25
228.76
230.48
230.70
229.75
228.47
229.20
230.14
229.11
229.97
227.27
231.46
228.32
226.62
228.60
226.70
226.84
226.57
228.93
230.48
232.10
230.80
228.99
227.93
227.38
226.06
228.66
230.89
227.59
229.43
227.09
228.28
226.50
233.79
230.70
230.96
229.25
229.49
230.48
227.52
228.25
230.01
231.59
231.07
230.03
230.26
229.45
229.17
230.42
228.65
227.53
224.46
226.22
229.52
230.70
230.66
229.39
226.21
227.30
227.78
227.49
226.89
226.17
227.38
229.93
227.26
231.13
230.32
227.97
230.49
229.19
226.63
229.56
228.78
228.67
228.40
229.76
231.58
229.14
230.00
232.07
227.01
230.74
227.07
228.70
228.54
228.67
227.56
227.35
226.98
228.81
230.01
230.26
228.25
230.70
230.56
228.87
227.15
230.65
229.63
227.38
229.49
228.60
228.15
229.46
229.29
228.43
226.49
228.05
229.09
230.12
228.03
228.18
229.34
228.89
228.88
227.11
229.84
230.05
230.97
228.74
232.66
226.24
229.32
228.89
229.08
232.35
229.85
227.73
230.14
228.18
230.30
230.07
229.07
227.98
232.07
226.11
227.96
227.30
228.74
229.86
226.57
227.39
230.81
229.55
227.41
229.63
228.26
230.24
227.38
227.89
230.87
228.63
229.17
229.15
230.49
226.67
228.74
229.12
230.17
227.05
228.99
226.68
231.06
227.16
229.48
229.54
233.02
231.09
227.21
228.49
230.77
229.13
231.22
229.41
230.18
228.74
230.50
226.99
231.49
231.07
230.36
229.74
227.90
231.06
226.11
230.75
227.85
228.71
229.44
229.07
226.86
230.93
230.02
226.69
230.83
230.26
228.63
227.03
228.66
228.94
229.69
227.99
229.27
230.17
230.36
227.31
227.64
230.10
226.49
231.35
230.28
229.24
229.31
231.01
227.32
226.99
230.15
229.87
230.51
227.57
231.36
230.70
229.18
229.47
231.58
227.75
227.01
228.08
230.51
229.66
229.85
228.99
228.77
229.55
227.64
227.94
227.24
229.53
227.94
226.72
230.30
227.60
230.53
228.86
228.63
227.97
227.79
230.01
227.68
232.55
230.47
227.81
230.20
229.12
228.29
230.13
228.36
230.30
229.75
229.22
227.14
229.82
229.71
227.30
228.11
229.99
229.04
229.16
228.96
230.74
228.20
228.59
227.45
228.17
228.07
229.10
230.19
230.18
227.31
227.33
236.94
230.91
227.40
227.13
230.43
228.69
229.34
230.95
228.41
225.98
228.93
228.09
228.25
227.38
229.80
229.19
230.73
230.01
229.55
228.57
230.08
231.68
230.02
229.32
231.27
228.27
231.59
226.79
228.91
226.80
230.58
227.90
226.68
225.67
226.83
231.38
228.52
226.74
227.25
230.07
230.66
229.38
229.57
230.08
229.45
229.12
227.51
230.75
230.11
230.10
230.69
232.12
230.01
230.56
226.81
230.72
230.83
227.93
229.61
228.70
227.03
227.74
228.26
231.25
230.08
227.78
228.06
228.86
227.66
228.98
226.45
229.94
227.87
230.20
228.29
228.95
229.83
228.77
230.82
228.60
227.52
230.26
229.34
229.47
229.56
228.58
229.76
227.04
229.60
226.95
230.24
228.41
229.69
228.53
228.51
226.90
226.96
230.11
229.48
228.46
226.78
228.42
230.34
227.73
228.10
227.35
227.23
230.45
228.55
226.72
225.50
226.57
230.37
226.23
227.84
228.75
228.83
230.37
229.82
228.24
230.97
232.28
228.84
230.14
229.71
230.92
229.29
230.60
229.49
227.84
228.73
226.13
229.08
227.80
230.22
229.77
228.04
229.99
228.54
230.78
228.88
226.49
228.80
228.58
230.82
231.60
229.64
229.61
230.32
226.42
227.39
228.14
229.07
229.77
228.39
227.49
226.46
229.12
229.88
230.47
229.70
228.26
226.71
228.72
228.65
228.02
228.67
230.20
230.35
226.49
229.17
230.45
229.50
225.61
229.67
227.80
227.24
228.39
229.61
229.97
230.26
226.86
229.44
226.50
229.42
225.97
230.76
228.68
230.76
227.77
229.51
229.62
227.23
228.36
227.42
228.34
230.57
227.42
226.19
227.95
229.28
230.41
229.47
229.05
226.66
229.81
229.34
229.64
227.50
231.39
228.91
229.28
229.54
226.81
227.83
230.97
230.86
228.91
232.76
228.12
229.45
225.66
230.18
230.31
230.99
227.35
228.12
230.17
230.80
230.45
230.69
228.56
229.46
228.65
233.20
230.59
227.81
230.98
229.09
230.92
230.90
228.14
230.74
229.86
229.87
231.48
229.22
226.88
227.17
227.86
228.23
228.23
229.68
229.41
228.96
230.91
228.81
229.60
229.25
228.66
228.83
229.81
226.84
226.96
226.52
231.11
228.45
230.80
228.13
229.64
234.29
227.48
228.47
226.86
233.91
229.75
228.86
229.78
231.78
227.68
230.20
227.62
230.90
230.23
230.05
228.40
230.26
230.36
231.52
227.28
228.01
229.58
228.37
227.51
228.61
230.47
227.47
230.02
228.16
230.39
230.31
229.25
225.07
231.16
230.77
229.52
229.77
227.50
230.69
227.97
229.32
227.80
229.86
229.01
229.41
227.06
230.36
228.57
229.29
227.06
230.23
230.11
229.71
228.76
229.07
230.17
229.28
231.10
230.82
228.14
231.92
228.43
229.22
229.71
228.50
228.18
228.65
229.62
228.71
229.16
229.32
231.12
229.85
227.59
225.92
229.22
228.98
228.30
229.88
229.75
226.32
228.09
231.11
229.39
229.44
229.28
227.72
231.14
229.39
226.95
231.15
228.65
229.57
229.64
228.42
229.81
228.39
226.90
230.78
230.71
230.19
226.70
229.87
224.83
230.38
231.73
230.98
226.99
229.68
228.04
231.59
229.28
228.04
227.41
231.06
229.30
228.51
230.30
228.80
227.04
229.38
229.67
227.79
230.61
229.44
230.24
228.46
228.97
231.88
230.13
230.50
230.71
227.70
228.38
229.30
228.82
227.93
227.77
226.28
228.31
225.66
227.90
230.24
227.58
230.77
229.22
226.56
230.35
229.76
229.11
230.12
229.38
229.30
227.38
228.84
228.78
228.78
228.40
226.30
230.00
228.06
229.18
228.54
231.52
232.01
229.71
230.95
230.75
226.94
229.30
229.14
230.03
228.93
230.12
229.78
228.86
231.35
232.06
227.65
230.11
230.77
231.16
230.18
230.98
228.79
230.00
226.96
230.18
229.60
231.55
230.00
228.95
229.05
226.66
230.25
230.37
229.20
228.50
231.53
227.48
229.77
229.91
228.88
229.86
228.45
230.83
230.80
227.89
226.34
225.23
229.75
227.44
227.91
227.84
229.05
230.91
229.19
229.44
227.11
229.78
230.31
229.01
227.54
228.51
230.23
229.16
230.37
228.42
229.35
229.70
227.03
231.42
229.27
227.78
229.08
230.83
229.58
226.99
229.51
228.03
230.31
230.55
228.34
227.26
229.65
230.51
229.93
227.23
228.13
228.42
224.81
229.09
229.81
226.93
229.66
226.34
231.55
227.12
231.91
229.96
232.83
227.95
228.04
228.63
227.75
228.96
227.36
228.19
230.10
230.83
227.32
229.63
231.26
229.17
229.81
230.66
230.76
231.44
228.94
227.70
231.53
230.24
230.28
227.48
230.22
228.16
228.06
228.54
230.91
229.36
229.20
229.85
229.19
229.97
230.20
231.09
228.28
227.75
231.48
231.00
225.60
227.74
228.43
228.26
229.21
230.48
227.49
226.40
228.25
227.59
226.32
228.23
231.38
228.24
229.77
227.60
229.97
227.38
229.18
228.41
226.56
227.19
229.05
228.51
230.45
228.06
226.52
228.97
231.38
226.85
227.83
227.48
226.08
228.91
230.24
231.05
227.35
227.25
230.82
228.58
230.33
229.62
229.00
226.90
230.28
227.32
226.57
228.00
227.49
230.78
226.30
227.39
227.89
226.49
229.66
230.08
231.72
231.80
230.43
230.66
229.15
228.20
230.56
227.56
230.82
230.79
228.78
229.47
228.42
228.03
228.00
230.19
227.22
229.00
230.87
228.46
229.39
230.85
229.89
233.49
228.68
228.43
229.85
227.07
230.62
229.46
229.15
228.69
230.88
228.10
230.42
228.26
229.43
228.13
227.07
229.24
227.44
230.89
227.93
228.56
228.07
228.63
228.87
228.36
228.80
228.16
228.27
230.60
228.89
230.42
228.98
227.35
226.57
225.45
229.47
225.41
225.95
228.55
230.92
228.01
230.17
229.40
229.18
226.77
227.37
230.33
229.99
227.99
230.27
227.91
228.15
225.64
227.68
230.38
228.52
226.73
226.29
228.60
229.92
230.35
226.27
229.40
228.70
230.65
228.54
231.12
229.20
230.70
227.78
229.21
228.20
230.95
229.40
226.66
230.46
227.19
229.13
231.01
230.34
230.30
229.05
230.31
229.47
228.76
228.26
229.43
230.39
232.78
228.64
226.92
231.28
229.52
230.47
230.52
227.71
228.19
230.08
229.17
229.26
227.62
232.06
229.15
228.69
229.26
227.53
227.75
230.33
229.70
229.85
229.57
228.68
229.95
228.38
230.99
230.72
230.48
229.05
227.09
227.20
231.15
229.13
227.51
229.34
225.75
228.94
229.18
229.13
229.97
226.43
228.90
228.36
228.81
231.73
229.48
229.44
228.91
231.50
228.74
229.68
228.33
231.85
228.58
229.52
228.19
226.83
228.01
228.71
227.84
226.86
229.75
230.23
230.26
227.43
229.81
229.33
228.44
227.76
229.31
230.02
227.43
229.89
229.18
229.26
230.52
227.60
229.14
230.75
229.41
230.67
226.56
229.03
231.67
231.09
227.79
229.97
228.99
229.64
228.80
226.62
230.90
230.49
227.65
228.16
228.68
230.69
229.79
228.12
229.73
227.25
231.21
229.51
228.44
225.56
226.70
226.56
230.35
226.52
227.02
228.00
231.97
227.56
226.64
230.55
230.45
229.43
228.62
230.13
229.54
228.58
229.84
229.71
229.04
230.62
228.38
229.64
228.43
229.32
230.86
229.33
227.52
228.02
228.52
228.01
227.70
228.66
230.35
230.40
232.44
230.84
230.08
231.31
227.73
229.80
227.28
228.93
226.52
226.36
230.05
232.75
228.92
227.20
230.87
229.49
228.31
230.04
229.33
228.69
226.89
227.69
227.95
227.41
230.22
227.22
230.57
228.22
226.75
227.41
230.41
228.46
231.25
225.89
226.59
231.75
227.42
230.11
232.08
227.83
228.36
228.07
227.22
231.22
231.02
227.20
228.79
230.40
231.31
229.93
229.28
230.95
229.62
229.67
229.49
230.80
230.26
230.11
228.24
230.48
230.97
229.43
230.76
228.95
226.70
229.45
231.14
226.11
227.70
230.20
227.79
228.16
230.42
231.08
228.12
230.19
228.95
229.38
226.66
229.52
227.31
230.04
227.47
232.36
229.07
227.37
228.16
230.97
229.67
229.09
228.15
226.77
227.44
229.89
228.50
229.55
227.98
232.46
232.21
228.65
229.07
226.97
228.67
229.97
228.49
229.10
230.03
229.82
226.97
232.64
228.75
229.32
227.93
230.82
230.38
229.10
229.24
230.97
228.12
232.56
227.22
227.66
228.26
228.22
230.26
229.91
229.76
229.03
229.58
228.64
230.44
226.15
231.20
231.10
227.60
228.49
225.13
228.51
232.18
228.60
230.45
228.11
228.48
229.21
230.83
228.34
231.62
230.07
226.16
225.66
229.49
231.24
229.64
229.19
227.70
230.46
228.91
228.44
228.55
230.82
228.28
229.81
229.53
230.17
231.54
227.76
226.71
230.28
228.78
226.70
228.64
227.29
226.72
228.78
230.20
229.39
225.99
227.57
226.60
228.69
226.35
227.83
231.72
227.00
228.48
227.87
229.25
229.66
228.28
230.77
230.14
228.40
233.27
230.84
228.96
228.38
230.99
230.28
231.09
230.22
226.13
226.58
227.60
229.07
229.58
231.27
228.62
230.15
228.83
229.28
227.19
226.81
228.87
228.85
229.48
227.35
230.73
228.42
225.57
230.26
230.62
230.96
229.59
230.63
226.10
229.89
230.46
230.39
227.78
230.22
228.25
231.04
231.55
228.90
228.51
227.73
228.07
228.86
231.27
228.84
230.94
229.87
230.52
227.40
230.45
231.63
227.90
230.52
231.76
227.23
230.14
226.26
229.64
227.91
229.40
227.39
231.43
228.95
229.02
227.19
228.02
229.55
227.55
233.44
228.34
229.66
226.54
228.31
229.26
228.58
230.56
228.01
228.82
228.99
230.27
227.32
226.93
225.67
228.84
229.60
227.60
230.97
225.75
229.73
229.58
229.98
228.91
229.23
229.79
228.53
230.62
230.16
228.17
228.88
230.27
229.80
229.60
231.03
230.21
231.17
230.74
231.18
227.79
227.41
229.54
230.35
228.39
229.44
229.81
229.23
225.65
230.52
229.04
228.19
226.88
232.05
228.47
231.67
230.56
228.42
227.50
229.74
226.88
226.54
228.32
228.70
228.26
227.50
228.52
228.22
227.86
232.16
230.74
229.63
229.83
228.09
229.95
228.35
228.43
228.39
226.90
227.56
228.43
231.04
228.81
230.83
227.19
228.91
228.75
229.98
227.13
228.85
231.17
228.87
229.89
230.54
230.36
230.60
231.15
232.26
230.90
230.80
227.90
229.56
229.94
226.58
229.13
233.23
230.28
229.89
230.15
229.55
229.39
229.45
229.62
229.57
229.35
231.05
229.29
226.89
229.30
228.41
227.85
228.50
226.96
227.97
228.60
227.11
230.21
228.87
229.22
228.53
227.60
227.28
228.66
228.17
229.64
225.92
226.61
230.86
230.06
228.33
230.10
229.58
228.17
231.06
232.12
232.72
229.55
227.57
229.22
228.78
229.79
226.77
228.58
230.96
228.46
231.25
226.89
230.28
228.85
229.91
229.16
228.89
227.73
229.88
227.36
229.67
230.70
230.64
228.82
226.82
228.10
229.76
228.49
230.57
227.65
226.56
229.24
231.22
229.44
228.33
230.46
229.44
230.43
230.99
227.64
228.99
230.65
229.51
227.09
228.75
231.33
227.43
230.18
230.75
229.65
229.56
227.03
229.51
231.89
227.45
228.74
228.37
228.50
230.26
232.04
227.43
228.89
226.80
228.76
229.39
229.58
227.03
228.32
228.46
229.66
230.62
227.90
230.40
226.21
230.27
228.20
227.82
226.18
228.57
228.49
227.10
229.58
230.69
229.70
229.77
230.59
227.60
230.31
227.12
229.83
230.86
228.07
227.14
226.22
226.73
230.67
233.15
227.60
228.61
226.96
228.45
229.73
234.42
229.25
228.54
226.91
226.19
227.52
230.63
228.17
228.20
227.00
230.82
226.47
226.26
230.08
229.18
231.34
230.65
229.19
228.17
231.25
226.50
229.01
227.44
225.94
230.31
229.90
226.63
231.70
228.26
228.85
227.65
229.85
226.50
229.76
228.22
226.97
230.40
227.87
225.41
230.81
227.43
230.88
228.67
230.94
230.12
229.85
228.26
229.38
227.55
229.07
230.33
230.10
230.26
226.47
229.88
228.74
232.14
230.31
232.57
230.85
230.41
228.96
231.87
231.56
231.11
229.96
229.10
227.89
229.28
228.69
228.56
229.59
232.01
229.58
228.25
227.63
228.79
229.88
229.85
231.27
230.42
228.63
230.49
229.56
227.69
229.10
228.65
231.61
228.48
228.02
227.81
228.11
228.07
228.31
228.06
229.69
228.69
228.59
227.97
229.98
227.42
230.66
231.22
229.04
230.69
229.19
231.96
227.30
231.85
229.44
229.96
230.76
227.89
229.23
231.15
228.66
228.32
228.89
226.97
229.50
226.09
228.01
229.69
226.49
228.57
227.56
229.75
229.31
227.77
227.20
228.48
225.73
225.87
227.04
226.42
231.67
228.76
230.35
228.84
226.40
227.89
229.20
229.25
227.67
230.14
230.42
229.25
229.11
226.49
229.46
227.77
228.91
228.42
230.17
230.16
225.59
228.91
228.37
226.60
225.87
227.75
230.44
228.32
228.47
229.54
229.34
229.70
225.96
225.99
230.85
228.59
230.07
227.36
228.49
228.19
228.53
227.09
226.74
230.03
229.13
227.94
229.95
228.39
229.49
229.91
229.01
225.48
226.65
230.26
229.68
227.50
227.25
230.76
229.08
226.00
229.37
227.93
228.80
230.24
231.69
230.48
228.97
230.21
228.72
230.12
228.18
228.24
230.25
229.36
230.06
233.37
231.04
229.98
228.03
226.37
227.68
230.83
227.89
227.39
227.62
225.51
228.74
229.06
228.13
227.66
230.73
229.41
226.32
227.76
230.89
231.17
230.21
230.58
226.99
230.19
228.96
230.21
227.34
228.52
229.84
230.32
227.43
228.08
228.87
228.43
229.97
231.17
228.15
229.35
228.15
228.31
230.03
227.16
228.69
226.45
229.93
230.13
229.66
228.13
227.62
231.15
226.16
227.17
228.24
229.41
229.22
227.58
229.06
229.39
227.21
227.28
230.05
230.79
226.68
229.80
229.62
227.43
229.96
228.62
226.46
231.30
228.11
228.90
228.97
230.74
228.47
227.34
226.08
229.75
233.62
228.05
232.15
228.83
229.52
224.47
227.49
225.18
228.48
229.62
230.55
230.60
229.01
229.95
231.00
229.21
230.28
230.77
228.78
230.61
229.02
230.23
228.07
227.49
228.32
228.87
228.61
229.20
230.37
232.46
227.24
228.13
225.18
227.53
228.76
226.67
229.93
231.27
226.45
230.25
230.35
230.05
227.67
228.36
230.57
228.24
228.68
227.46
231.25
230.48
226.48
228.13
229.12
229.56
230.11
229.69
227.17
229.68
228.61
226.47
226.32
231.99
228.10
229.28
230.58
232.01
229.80
228.93
225.93
228.88
229.88
229.85
230.30
230.66
230.97
228.42
227.59
229.13
230.86
229.84
226.82
227.61
229.88
228.33
230.15
229.06
231.78
228.45
227.38
231.89
228.21
230.36
231.50
230.03
230.07
230.32
228.23
228.78
229.98
229.65
228.64
229.14
229.53
230.34
228.14
228.60
227.13
229.75
228.29
227.83
228.28
225.44
226.97
227.99
227.60
227.40
227.81
228.78
231.98
228.50
229.54
228.52
230.12
226.02
228.72
230.06
227.96
227.94
231.44
229.70
228.88
227.86
228.78
226.01
228.20
228.89
227.27
229.79
229.61
229.09
229.14
225.61
228.95
227.36
230.10
228.39
229.73
232.74
228.48
226.92
227.67
227.86
231.45
228.34
229.25
227.64
229.14
227.12
229.80
229.59
227.71
230.98
226.79
227.78
231.03
228.32
229.82
227.71
231.56
228.95
229.53
227.00
227.13
226.43
230.61
225.86
227.63
228.07
231.01
226.49
228.83
228.72
227.98
228.77
229.90
231.31
229.79
228.20
229.21
226.79
230.23
230.48
228.98
229.54
229.44
228.66
228.25
228.41
227.62
230.90
228.24
227.46
229.59
230.76
228.41
228.92
228.47
227.56
227.02
226.82
230.71
229.82
227.80
228.94
230.70
230.00
229.66
230.29
227.56
229.20
231.06
229.68
229.96
231.14
228.84
227.10
229.95
227.04
227.21
229.76
227.65
229.71
230.09
229.08
228.68
229.37
226.68
229.47
227.79
228.69
226.52
228.98
229.50
231.07
228.24
230.12
228.45
228.95
230.93
230.75
228.53
228.83
230.42
228.75
227.31
230.51
230.47
229.55
229.65
227.98
227.92
227.91
227.72
226.73
227.81
227.19
226.34
229.54
228.92
226.73
228.03
231.07
227.14
228.31
227.90
228.28
230.68
227.14
229.30
233.26
228.63
226.39
226.90
228.31
229.77
229.61
228.63
230.65
229.69
