6179
6180
6211
6215
6222
6225
6226
6227
6248
6249
6250
6251
6330
6331
6332
6333
6334
6335
6341
6342
6344
6345
6346
6347
6348
6349
6350
6351
6357
6422
6423
6424
6425
6426
6556
6559
6560
6561
6564
6565
6566
6567
6568
6569
6574
6575
6581
6583
6584
6585
6586
6587
6588
6589
6591
6675
6676
6677
6678
6679
6680
6681
6682
6683
6686
6687
6688
6689
6690
6691
6692
6694
6695
6696
6697
6699
6702
6707
6708
6709
6710
6711
6712
6713
6714
6715
6716
6717
6718
6719
6720
6721
6722
6723
6724
6737
6739
6740
6741
6742
6743
6751
6791
6822
6823
6824
6825
6826
6827
6828
6829
6830
6935
6936
6937
7106
7107
7108
7109
7116
7132
7149
7151
7152
7218
7219
7220
7221
7222
7223
7224
7225
7226
7227
7228
7229
7231
7283
7284
7285
7286
7287
7288
7289
7290
7291
7292
7293
7294
7295
7296
7297
7298
7299
7300
7343
7345
7346
7347
7348
7894
7904
7905
7906
7907
7908
7909
7910
7911
7912
7913
7914
7915
8010
8011
8012
8013
8014
8015
8016
8017
8018
8019
8020
8021
8022
8023
8027
8028
8029
8038
8040
8154
8156
8157
8161
8198
8199
8202
8203
8205
8206
8345
8354
8365
8366
8367
8368
8369
8370
8371
8372
8373
8374
8375
8376
8435
8442
8443
8444
8445
8446
8447
8448
8450
8452
8453
8457
8458
8459
8464
8465
8469
8470
8471
8472
8475
8478
8479
8605
8606
8617
8618
8619
8621
8622
8623
8624
8625
8626
8627
8628
8682
8684
8690
8691
8692
8693
8694
8756
8884
8885
8903
8904
8905
8906
8907
8908
8909
8910
8911
8917
8919
9113
9114
9115
9116
9117
9118
9119
9120
9121
9122
9123
9124
9125
9127
9128
9129
9130
9131
9132
9133
9134
9137
9214
9218
9219
9220
9221
9222
9223
9224
9326
9348
9349
9371
9372
9382
9383
9384
9385
9386
9387
9388
9412
9413
9421
9422
9423
9458
9460
9471
9472
9474
9475
9476
9480
9535
9536
9537
9538
9539
9540
9541
9556
9557
9560
9621
9622
9623
9625
9626
9655
9660
9661
9662
9663
9667
9684
9685
9809
9810
9811
9812
9813
9814
9815
9816
9817
9818
9819
9820
9821
9822
9847
9853
9854
9883
10032
10033
10034
10035
10036
10037
10038
10039
10040
10041
10087
10088
10089
10090
10091
10092
10093
10094
10095
10096
10097
10098
10099
10100
10101
10102
10103
10104
10116
10117
10118
10119
10120
10121
10122
10129
10239
10240
10544
10545
10558
10611
10676
10685
10719
10721
10722
10723
10724
10725
10726
10821
10823
10824
10825
10826
10827
10830
10831
10833
10834
10836
10975
10976
10977
10978
10979
10980
10981
10982
10983
10984
10989
10995
10996
10998
10999
11002
11003
11010
11011
11067
11069
11070
11071
11168
11169
11170
11171
11172
11173
11290
11292
11293
11294
11297
11298
11299
11300
11301
11302
11321
11345
11346
11347
11348
11351
11357
11358
11359
11361
11362
11363
11364
11365
11384
11385
11386
11390
11391
11392
11393
11395
11396
11397
11398
11399
11400
11401
11402
11403
11404
11423
11424
11425
11438
11439
11658
11659
11660
11661
11662
11663
11664
11666
11667
11668
11669
11671
11797
11798
11834
11835
11836
11837
11838
11869
11870
11871
11872
11873
11874
11875
11876
11877
11878
11897
11901
11903
11904
11905
11906
11908
12000
12001
12002
12051
12053
12054
12055
12056
12061
12062
12121
12124
12125
12126
12127
12128
12130
12136
12137
12197
12201
12202
12238
12239
12240
12241
12242
12243
12244
12245
12410
12411
12412
12413
12414
12415
12416
12417
12493
12494
