4056
168
169
174
175
557
558
559
560
607
661
666
668
670
780
784
794
795
796
797
798
799
800
801
803
806
837
838
839
849
850
851
852
853
854
855
856
857
858
859
860
861
863
864
865
868
870
871
874
875
876
877
879
1054
1055
1056
1057
1058
1059
1062
1063
1064
1065
1068
1069
1074
1081
1082
1088
1089
1090
1092
1523
1526
1527
1528
1529
1530
1531
1532
1534
1535
1536
1537
1538
1539
1540
1541
1542
1543
1544
1545
1546
1547
1548
1549
1550
1551
1552
1553
1554
1555
1562
1563
1566
1833
1834
1835
1846
1847
1849
1852
1853
1854
1855
1856
1857
1858
1861
1864
1960
1962
2000
2001
2002
2003
2004
2005
2086
2091
2092
2093
2094
2095
2096
2097
2100
2101
2102
2103
2105
2108
2109
2110
2205
2207
2208
2209
2288
2289
2290
2325
2326
2327
2329
2330
2333
2401
2402
2404
2406
2407
2408
2409
2410
2411
2412
2438
2474
2475
2506
2635
2636
2637
2638
2639
2640
2641
2642
2643
2644
2645
2646
2656
2657
2658
2659
2660
2690
2691
2778
2779
2780
2781
2782
2783
2784
2788
2789
2792
2793
2810
2900
2912
2913
2918
2919
2920
2921
2922
3053
3054
3055
3058
3140
3141
3142
3143
3144
3145
3160
3190
3191
3193
3194
3198
3199
3200
3406
3410
3411
3412
3413
3414
3415
3416
3417
3418
3419
3420
3421
3422
3424
3425
3426
3428
3429
3430
3582
3663
3664
3665
3668
3670
3671
3672
3673
3674
3675
3676
3677
3678
3679
3680
3681
3682
3683
3684
3685
3686
3687
3688
3689
3690
3691
3692
3693
3694
3695
3696
3697
3698
3699
3700
3701
3702
3703
3704
3705
3889
3890
3891
3892
3897
3999
4008
4009
4010
4012
4030
4052
4053
4054
4055
4057
4059
4067
4068
4070
4071
4072
4073
4074
4104
4105
4106
4107
4108
4109
4110
4129
4131
4132
4133
4134
4141
4143
4144
4169
4226
4227
4228
4229
4231
4232
4233
4234
4235
4237
4255
4256
4262
4263
4264
4265
4266
4268
4269
4270
4271
4272
4273
4316
4383
4384
4398
4399
4400
4401
4402
4403
4433
4438
4439
4440
4441
4461
4462
4463
4467
4468
4469
4847
4848
4851
4852
4853
4854
4856
4857
4859
4860
4861
4862
4863
4864
4868
4885
4886
4887
4888
4894
4895
4896
4897
4898
4899
4900
4901
4902
4903
4904
4905
4912
4913
4914
4967
4969
4970
4977
4978
4979
4980
4981
4982
4986
4987
5123
5124
5125
5126
5127
5128
5129
5130
5132
5302
5305
5306
5307
5308
5311
5313
5486
5487
5488
5489
5490
5491
5499
5501
5502
5509
5510
5551
5552
5553
5554
5555
5583
5584
5646
5730
5813
5814
5815
5816
5817
5821
5822
5823
5824
5825
5827
5886
5888
5890
5897
5905
5906
5908
5909
5911
5912
5913
5914
5915
5916
5921
5934
5942
5943
5944
5945
5946
5947
6001
