4056
168
169
174
175
557
558
559
560
607
661
666
668
670
780
784
794
795
796
797
798
799
800
801
803
806
837
838
839
849
850
851
852
853
854
855
856
857
858
859
860
861
863
864
865
868
870
871
874
875
876
877
879
1054
1055
1056
1057
1058
1059
1062
1063
1064
1065
1068
1069
1074
1081
1082
1088
1089
1090
1092
1523
1526
1527
1528
1529
1530
1531
1532
1534
1535
1536
1537
1538
1539
1540
1541
1542
1543
1544
1545
1546
1547
1548
1549
1550
1551
1552
1553
1554
1555
1562
1563
1566
1833
1834
1835
1846
1847
1849
1852
1853
1854
1855
1856
1857
1858
1861
1864
1960
1962
2000
2001
2002
2003
2004
2005
2086
2091
2092
2093
2094
2095
2096
2097
2100
2101
2102
2103
2105
2108
2109
2110
2205
2207
2208
2209
2288
2289
2290
2325
2326
2327
2329
2330
2333
2401
2402
2404
2406
2407
2408
2409
2410
2411
2412
2438
2474
2475
2506
2635
2636
2637
2638
2639
2640
2641
2642
2643
2644
2645
2646
2656
2657
2658
2659
2660
2690
2691
2778
2779
2780
2781
2782
2783
2784
2788
2789
2792
2793
2810
2900
2912
2913
2918
2919
2920
2921
2922
3053
3054
3055
3058
3140
3141
3142
3143
3144
3145
3160
3190
3191
3193
3194
3198
3199
3200
3406
3410
3411
3412
3413
3414
3415
3416
3417
3418
3419
3420
3421
3422
3424
3425
3426
3428
3429
3430
3582
3663
3664
3665
3668
3670
3671
3672
3673
3674
3675
3676
3677
3678
3679
3680
3681
3682
3683
3684
3685
3686
3687
3688
3689
3690
3691
3692
3693
3694
3695
3696
3697
3698
3699
3700
3701
3702
3703
3704
3705
3889
3890
3891
3892
3897
3999
4008
4009
4010
4012
4030
4052
4053
4054
4055
4057
4059
4067
4068
4070
4071
4072
4073
4074
4104
4105
4106
4107
4108
4109
4110
4129
4131
4132
4133
4134
4141
4143
4144
4169
4226
4227
4228
4229
4231
4232
4233
4234
4235
4237
4255
4256
4262
4263
4264
4265
4266
4268
4269
4270
4271
4272
4273
4316
4383
4384
4398
4399
4400
4401
4402
4403
4433
4438
4439
4440
4441
4461
4462
4463
4467
4468
4469
4847
4848
4851
4852
4853
4854
4856
4857
4859
4860
4861
4862
4863
4864
4868
4885
4886
4887
4888
4894
4895
4896
4897
4898
4899
4900
4901
4902
4903
4904
4905
4912
4913
4914
4967
4969
4970
4977
4978
4979
4980
4981
4982
4986
4987
5123
5124
5125
5126
5127
5128
5129
5130
5132
5302
5305
5306
5307
5308
5311
5313
5486
5487
5488
5489
5490
5491
5499
5501
5502
5509
5510
5551
5552
5553
5554
5555
5583
5584
5646
5730
5813
5814
5815
5816
5817
5821
5822
5823
5824
5825
5827
5886
5888
5890
5897
5905
5906
5908
5909
5911
5912
5913
5914
5915
5916
5921
5934
5942
5943
5944
5945
5946
5947
6001
6179
6180
6211
6215
6222
6225
6226
6227
6248
6249
6250
6251
6330
6331
6332
6333
6334
6335
6341
6342
6344
6345
6346
6347
6348
6349
6350
6351
6357
6422
6423
6424
6425
6426
6556
6559
6560
6561
6564
6565
6566
6567
6568
6569
6574
6575
6581
6583
6584
6585
6586
6587
6588
6589
6591
6675
6676
6677
6678
6679
6680
6681
6682
6683
6686
6687
6688
6689
6690
6691
6692
6694
6695
6696
6697
6699
6702
6707
6708
6709
6710
6711
6712
6713
6714
6715
6716
6717
6718
6719
6720
6721
6722
6723
6724
6737
6739
6740
6741
6742
6743
6751
6791
6822
6823
6824
6825
6826
6827
6828
6829
6830
6935
6936
6937
7106
7107
7108
7109
7116
7132
7149
7151
7152
7218
7219
7220
7221
7222
7223
7224
7225
7226
7227
7228
7229
7231
7283
7284
7285
7286
7287
7288
7289
7290
7291
7292
7293
7294
7295
7296
7297
7298
7299
7300
7343
7345
7346
7347
7348
7894
7904
7905
7906
7907
7908
7909
7910
7911
7912
7913
7914
7915
8010
8011
8012
8013
8014
8015
8016
8017
8018
8019
8020
8021
8022
8023
8027
8028
8029
8038
8040
8154
8156
8157
8161
8198
8199
8202
8203
8205
8206
8345
8354
8365
8366
8367
8368
8369
8370
8371
8372
8373
8374
8375
8376
8435
8442
8443
8444
8445
8446
8447
8448
8450
8452
8453
8457
8458
8459
8464
8465
8469
8470
8471
8472
8475
8478
8479
8605
8606
8617
8618
8619
8621
8622
8623
8624
8625
8626
8627
8628
8682
8684
8690
8691
8692
8693
8694
8756
8884
8885
8903
8904
8905
8906
8907
8908
8909
8910
8911
8917
8919
9113
9114
9115
9116
9117
9118
9119
9120
9121
9122
9123
9124
9125
9127
9128
9129
9130
9131
9132
9133
9134
9137
9214
9218
9219
9220
9221
9222
9223
9224
9326
9348
9349
9371
9372
9382
9383
9384
9385
9386
9387
9388
9412
9413
9421
9422
9423
9458
9460
9471
9472
9474
9475
9476
9480
9535
9536
9537
9538
9539
9540
9541
9556
9557
9560
9621
9622
9623
9625
9626
9655
9660
9661
9662
9663
9667
9684
9685
9809
9810
9811
9812
9813
9814
9815
9816
9817
9818
9819
9820
9821
9822
9847
9853
9854
9883
10032
10033
10034
10035
10036
10037
10038
10039
10040
10041
10087
10088
10089
10090
10091
10092
10093
10094
10095
10096
10097
10098
10099
10100
10101
10102
10103
10104
10116
10117
10118
10119
10120
10121
10122
10129
10239
10240
10544
10545
10558
10611
10676
10685
10719
10721
10722
10723
10724
10725
10726
10821
10823
10824
10825
10826
10827
10830
10831
10833
10834
10836
10975
10976
10977
10978
10979
10980
10981
10982
10983
10984
10989
10995
10996
10998
10999
11002
11003
11010
11011
11067
11069
11070
11071
11168
11169
11170
11171
11172
11173
11290
11292
11293
11294
11297
11298
11299
11300
11301
11302
11321
11345
11346
11347
11348
11351
11357
11358
11359
11361
11362
11363
11364
11365
11384
11385
11386
11390
11391
11392
11393
11395
11396
11397
11398
11399
11400
11401
11402
11403
11404
11423
11424
11425
11438
11439
11658
11659
11660
11661
11662
11663
11664
11666
11667
11668
11669
11671
11797
11798
11834
11835
11836
11837
11838
11869
11870
11871
11872
11873
11874
11875
11876
11877
11878
11897
11901
11903
11904
11905
11906
11908
12000
12001
12002
12051
12053
12054
12055
12056
12061
12062
12121
12124
12125
12126
12127
12128
12130
12136
12137
12197
12201
12202
12238
12239
12240
12241
12242
12243
12244
12245
12410
12411
12412
12413
12414
12415
12416
12417
12493
12494
