255
256
257
258
490
493
495
496
497
498
499
500
501
502
503
504
505
506
507
508
509
510
511
512
513
514
515
516
517
521
522
527
528
529
530
535
539
540
541
542
977
981
982
983
984
985
986
987
988
989
990
991
992
993
994
995
996
997
998
999
1000
1001
1002
1008
1009
1010
1011
1012
1021
1023
1037
1038
1039
1040
1193
1194
1196
1197
1198
1199
1200
1202
1203
1204
1205
1206
1207
1208
1211
1217
1218
1219
1220
1315
1316
1318
1319
1320
1323
1324
1325
1326
1327
1328
1329
1330
1331
1332
1333
1334
1335
1336
1337
1338
1339
1340
1341
1342
1343
1344
1345
1346
1347
1348
1349
1350
1351
1353
1354
1355
1356
1357
1358
1359
1361
1362
1363
2572
2573
2574
2575
2576
2577
2578
2579
2580
2581
2582
2583
2584
2585
2586
2587
2588
2589
2590
2591
2592
2593
2594
2595
2596
2597
2598
2630
2632
2737
2738
2739
2740
2741
2742
2743
2744
2746
2747
2748
2749
2750
2751
2752
2753
2754
2756
2760
2761
2762
2763
2764
2845
2846
2848
2849
2850
2851
2852
2853
2854
2855
2856
2857
2858
2859
2860
2861
2862
2863
2864
2867
2868
2869
2870
2871
2875
2877
2879
2880
2881
2946
2947
3005
3006
3076
3081
3082
3083
3441
3444
3445
3446
3447
3448
3449
3452
3462
3466
3467
3468
3469
3470
3471
3472
3473
3493
3970
3971
3972
3973
3974
3975
3976
4328
4545
4550
4552
4553
4619
4620
4621
4622
4623
4624
4625
4626
4627
4628
4629
4630
4631
4632
4634
4635
4636
4637
4640
4646
4647
4648
4649
4650
4651
4652
4653
4654
4655
4656
4657
4658
4659
4661
4662
4663
4693
4697
4726
4727
4728
4729
4730
4731
4732
4733
4734
4756
4757
4758
4770
4771
5012
5014
5015
5017
5018
5020
5021
5022
5023
5328
5329
5330
5352
5353
5354
5355
5356
5357
5358
5359
5360
5361
5362
5363
5364
5365
5366
5367
5368
5369
5370
5371
5372
5375
5376
5379
5380
5381
5382
5383
5384
5385
5392
5393
5394
5395
5396
5397
5398
5417
5437
5438
5439
5440
