8592
178
179
182
183
184
186
187
188
194
207
208
209
210
481
482
483
484
485
486
487
489
552
553
555
556
561
563
564
565
566
567
568
569
570
572
573
574
575
576
577
578
579
580
581
582
583
584
585
586
587
588
589
590
592
593
594
595
596
600
608
609
610
611
612
613
614
615
616
617
618
619
620
621
622
623
624
625
626
627
628
629
630
631
632
633
634
635
636
637
638
639
640
641
642
643
646
647
648
650
651
652
653
654
655
656
657
658
659
662
663
664
665
667
757
758
759
760
761
762
763
764
765
766
767
769
770
771
772
773
774
775
776
777
778
779
781
782
783
785
786
787
788
789
790
791
792
793
804
805
815
816
843
844
845
866
867
869
872
873
878
880
881
882
883
884
885
886
887
888
889
890
891
892
893
894
895
896
897
898
899
900
901
902
903
905
906
907
908
909
910
912
913
914
915
916
917
918
919
920
921
922
923
924
925
926
927
928
929
930
931
932
933
934
935
936
937
938
939
940
941
942
943
947
948
949
951
1091
1093
1519
1520
1521
1522
1524
1525
1533
1556
1567
1568
1569
1570
1571
1572
1573
1574
1575
1576
1577
1578
1579
1580
1581
1582
1583
1584
1585
1586
1587
1588
1589
1590
1591
1592
1593
1595
1596
1597
1598
1599
1600
1601
1602
1603
1604
1605
1606
1607
1608
1609
1610
1611
1612
1613
1614
1615
1616
1617
1618
1620
1621
1622
1624
1625
1626
1627
1628
1631
1632
1633
1635
1636
1637
1638
1639
1640
1641
1642
1643
1644
1645
1646
1647
1652
1653
1654
1655
1656
1657
1658
1660
1661
1662
1663
1664
1665
1666
1667
1668
1669
1670
1671
1672
1675
1676
1677
1678
1679
1680
1681
1682
1683
1684
1685
1686
1687
1692
1693
1694
1695
1696
1697
1698
1730
1731
1732
1733
1734
1735
1736
1737
1738
1739
1740
1741
1742
1743
1744
1745
1746
1747
1748
1749
1750
1751
1764
1767
1768
1769
1770
1771
1772
1773
1774
1775
1776
1777
1779
1783
1784
1785
1786
1787
1788
1789
1790
1791
1792
1793
1794
1795
1796
1797
1798
1799
1800
1801
1802
1803
1804
1805
1806
1807
1808
1809
1810
1811
1812
1813
1814
1815
1816
1820
1821
1824
1825
1826
1827
1829
1830
1831
1832
1859
1860
1863
1865
1866
1867
1868
1869
1870
1871
1872
1873
1874
1875
1876
1877
1878
1879
1886
1887
1888
1889
1890
1891
1892
1893
1894
1895
1896
1915
1918
1920
1921
1924
1925
1926
1927
1928
1929
1930
1931
1932
1933
1934
1939
1940
1941
1942
1943
1944
1945
1947
1948
1949
1950
1951
1952
1954
1955
1956
1957
1961
1963
1964
1965
1966
1967
1968
1969
1970
1971
1972
1973
1974
1975
1976
1977
1978
1979
1980
1981
1982
1983
1984
1985
1986
1987
1988
1989
1990
1991
1992
1993
1994
1995
1996
1997
1998
1999
2006
2007
2008
2009
2010
2011
2012
2013
2015
2016
2018
2019
2021
2023
2024
2025
2026
2027
2028
2029
2030
2031
2032
2033
2034
2035
2036
2037
2038
2039
2040
2041
2042
2043
2044
2045
2046
2047
2048
2049
2050
2051
2052
2053
2054
2055
2056
2057
2059
2060
2062
2063
2064
2065
2066
2067
2068
2069
2070
2071
2072
2073
2074
2075
2076
2077
2078
2113
2114
2115
2116
2117
2118
2119
2120
2121
2122
2123
2124
2126
2127
2128
2129
2130
2131
2132
2133
2134
2135
2136
2137
2138
2139
2140
2141
2142
2143
2144
2145
2146
2147
2148
2149
2150
2151
2152
2153
2154
2155
2156
2157
2158
2159
2161
2162
2163
2164
2165
2166
2167
2168
2169
2170
2171
2174
2175
2176
2177
2178
2179
2180
2181
2182
2183
2184
2185
2186
2187
2188
2189
2192
2193
2194
2195
2196
2197
2198
2199
2202
2203
2210
2211
2212
2213
2214
2215
2216
2217
2218
2219
2221
2222
2223
2224
2225
2227
2228
2229
2230
2232
2234
2244
2291
2296
2297
2298
2302
2303
2304
2305
2306
2307
2308
2309
2310
2311
2312
2313
2314
2315
2317
2318
2319
2321
2322
2323
2324
2328
2331
2332
2334
2335
2336
2337
2343
2355
2367
2368
2369
2372
2405
2413
2414
2415
2416
2417
2418
2419
2420
2421
2422
2423
2424
2425
2426
2427
2428
2431
2436
2437
2440
2447
2448
2449
2450
2451
2452
2453
2454
2455
2456
2457
2458
2459
2461
2462
2463
2464
2465
2466
2467
2468
2469
2470
2471
2472
2473
2476
2477
2478
2479
2480
2481
2482
2483
2484
2485
2486
2487
2488
2490
2491
2492
2493
2494
2495
2496
2497
2498
2499
2503
2504
2505
2507
2508
2509
2510
2511
2512
2513
2514
2515
2516
2517
2518
2519
2520
2521
2522
2523
2524
2525
2526
2527
2528
2647
2648
2649
2650
2651
2652
2653
2654
2655
2692
2693
2694
2695
2696
2697
2698
2699
2700
2701
2702
2703
2704
2705
2706
2707
2708
2709
2710
2711
2712
2713
2715
2716
2717
2718
2719
2720
2721
2809
2923
2924
3057
3059
3060
3061
3062
3063
3064
3065
3146
3147
3148
3149
3150
3151
3152
3153
3154
3155
3156
3157
3158
3159
3161
3162
3163
3164
3165
3166
3167
3168
3169
3170
3206
3207
3208
3209
3210
3211
3224
3225
3226
3227
3228
3229
3230
3231
3233
3234
3235
3236
3237
3238
3239
3240
3243
3244
3245
3246
3247
3248
3249
3261
3262
3263
3264
3265
3266
3267
3268
3269
3270
3271
3272
3273
3274
3276
3280
3281
3282
3283
3284
3285
3286
3287
3288
3289
3290
3291
3292
3293
3294
3295
3296
3297
3298
3299
3300
3301
3302
3303
3304
3305
3306
3307
3308
3309
3311
3312
3313
3314
3315
3316
3369
3370
3371
3372
3373
3374
3375
3376
3377
3378
3379
3380
3381
3382
3383
3384
3385
3386
3387
3388
3389
3390
3391
3392
3393
3394
3395
3396
3397
3398
3399
3400
3401
3402
3403
3404
3405
3407
3408
3409
3559
3560
3561
3562
3563
3565
3566
3567
3568
3569
3571
3575
3576
3577
3578
3579
3580
3581
3583
3584
3585
3586
3587
3588
3589
3590
3591
3592
3593
3594
3595
3596
3597
3607
3608
3609
3610
3611
3612
3613
3614
3615
3616
3617
3618
3619
3620
3621
3622
3623
3624
3625
3626
3627
3628
3629
3630
3631
3632
3633
3634
3635
3636
3637
3638
3639
3706
3707
3708
3709
3710
3711
3712
3713
3715
3716
3717
3718
3719
3720
3721
3722
3733
3734
3735
3736
3737
3738
3739
3740
3741
3742
3743
3744
3745
3746
3747
3748
3749
3750
3751
3752
3753
3754
3755
3756
3757
3758
3759
3760
3761
3762
3763
3764
3765
3766
3767
3768
3769
3770
3771
3772
3773
3774
3776
3779
3780
3781
3782
3783
3784
3785
3786
3787
3788
3789
3790
3791
3792
3793
3794
3795
3796
3797
3798
3799
3800
3801
3802
3803
3804
3806
3807
3808
3809
3810
3811
3812
3813
3814
3815
3816
3818
3819
3820
3821
3822
3823
3824
3825
3826
3827
3828
3829
3830
3831
3832
3833
3834
3835
3836
3837
3838
3839
3840
3841
3842
3843
3844
3845
3846
3847
3848
3849
3850
3851
3852
3853
3854
3855
3856
3857
3858
3859
3860
3861
3862
3863
3864
3865
3866
3867
3868
3869
3870
3872
3875
3876
3877
3878
3879
3880
3881
3882
3886
3887
3888
3893
3907
3908
3909
3910
3911
3912
3913
3914
3915
3916
3917
3919
3920
3921
3923
3924
3925
3926
3927
3928
3929
3932
3933
3934
3935
3936
3938
3939
3948
3949
3950
3951
3952
3953
3954
3955
3956
3957
3958
3959
3960
3961
3962
3965
3966
3967
3968
4000
4001
4002
4003
4004
4005
4006
4011
4013
4014
4015
4016
4017
4018
4019
4020
4021
4022
4023
4024
4026
4033
4034
4035
4036
4037
4038
4039
4044
4045
4046
4047
4048
4049
4050
4051
4063
4064
4065
4066
4075
4076
4077
4083
4084
4085
4086
4087
4088
4089
4090
4094
4095
4096
4097
4098
4099
4101
4102
4103
4111
4112
4113
4114
4115
4116
4117
4118
4119
4120
4121
4122
4123
4124
4125
4126
4127
4128
4130
4140
4145
4146
4147
4148
4149
4150
4152
4153
4155
4158
4159
4160
4161
4162
4164
4166
4167
4168
4179
4180
4186
4187
4188
4189
4190
4191
4192
4193
4194
4195
4196
4197
4198
4199
4200
4201
4202
4203
4204
4205
4206
4208
4209
4210
4211
4212
4213
4214
4215
4216
4217
4219
4220
4238
4239
4240
4241
4242
4243
4244
4245
4246
4247
4248
4249
4250
4251
4252
4253
4254
4257
4258
4259
4260
4261
4267
4274
4275
4276
4277
4278
4279
4280
4281
4282
4283
4284
4285
4286
4287
4289
4290
4291
4292
4293
4294
4295
4296
4297
4298
4299
4325
4404
4405
4406
4407
4408
4409
4410
4411
4413
4414
4415
4416
4420
4421
4422
4423
4424
4425
4426
4427
4428
4429
4430
4442
4443
4444
4445
4446
4447
4448
4449
4450
4451
4452
4453
4454
4455
4456
4457
4458
4459
4460
4464
4465
4466
4470
4471
4472
4475
4476
4477
4478
4479
4480
4481
4482
4483
4484
4486
4822
4823
4824
4825
4826
4827
4828
4829
4830
4833
4834
4835
4836
4837
4838
4839
4840
4842
4843
4844
4845
4849
4850
4858
4915
4916
4917
4918
4919
4920
4926
4927
4928
4929
4930
4931
4932
4933
4934
4935
4936
4937
4938
4943
4946
4947
4948
4949
4950
4951
4952
4953
4954
4955
4956
4957
4958
4959
4960
4961
4962
4963
4964
4965
4966
4968
4971
4972
4973
4974
4975
4976
4983
4984
4985
4989
4990
4991
4992
5105
5116
5117
5118
5119
5120
5122
5131
5133
5134
5135
5272
5274
5441
5442
5443
5444
5445
5446
5447
5449
5450
5451
5452
5453
5454
5455
5456
5459
5461
5462
5463
5464
5465
5466
5467
5468
5469
5470
5471
5472
5473
5474
5475
5476
5477
5478
5479
5480
5484
5485
5492
5493
5494
5495
5496
5497
5498
5500
5503
5504
5505
5506
5507
5508
5512
5513
5514
5515
5516
5517
5518
5519
5540
5541
5544
5545
5547
5548
5549
5550
5557
5558
5559
5560
5561
5562
5563
5564
5565
5567
5568
5575
5576
5585
5587
5588
5589
5590
5591
5592
5595
5596
5597
5598
5599
5600
5601
5602
5626
5627
5629
5631
5632
5633
5635
5636
5637
5640
5641
5642
5643
5644
5645
5647
5648
5649
5650
5669
5670
5671
5672
5673
5674
5675
5676
5683
5686
5689
5692
5693
5694
5695
5696
5697
5698
5699
5700
5701
5702
5703
5704
5708
5710
5711
5712
5715
5716
5719
5723
5724
5725
5726
5727
5728
5729
5731
5732
5733
5735
5736
5737
5738
5739
5740
5741
5743
5744
5745
5746
5747
5748
5749
5750
5751
5752
5753
5754
5755
5756
5757
5758
5759
5761
5762
5763
5764
5765
5766
5767
5768
5769
5770
5771
5772
5773
5775
5776
5777
5778
5779
5780
5781
5782
5783
5784
5785
5786
5787
5788
5789
5790
5791
5792
5793
5794
5795
5796
5797
5798
5799
5800
5801
5802
5803
5804
5805
5806
5807
5808
5809
5810
5812
5826
5828
5829
5830
5831
5832
5849
5850
5851
5852
5853
5854
5855
5856
5857
5858
5859
5860
5861
5862
5863
5864
5865
5866
5867
5868
5869
5870
5871
5872
5873
5874
5875
5876
5877
5878
5879
5880
5881
5882
5883
5884
5885
5889
5891
5892
5893
5894
5895
5896
5898
5899
5900
5901
5902
5903
5904
5907
5967
5968
5971
5972
5973
5974
5975
5976
5977
5978
5979
5980
5981
5982
5983
5984
5985
5986
5987
5988
5989
5990
5991
5992
5993
5994
5995
5996
5998
5999
6000
6002
6003
6004
6005
6006
6007
6008
6009
6010
6125
6135
6136
6137
6138
6139
6140
6141
6142
6143
6144
6149
6150
6161
6162
6163
6164
6165
6166
6167
6168
6169
6170
6171
6172
6173
6175
6176
6182
6186
6187
6188
6189
6190
6191
6192
6193
6194
6195
6196
6197
6198
6199
6200
6201
6203
6204
6205
6206
6207
6208
6209
6210
6214
6216
6217
6220
6221
6223
6224
6229
6230
6231
6232
6233
6234
6235
6236
6237
6238
6239
6240
6241
6242
6243
6244
6245
6246
6247
6255
6256
6258
6343
6352
6353
6355
6554
6557
6558
6562
6563
6570
6571
6572
6576
6577
6578
6579
6580
6590
6592
6593
6594
6595
6596
6597
6598
6603
6604
6605
6606
6607
6609
6610
6611
6612
6613
6614
6748
6749
6750
6752
6753
6754
6755
6756
6757
6758
6759
6760
6761
6762
6763
6764
6765
6766
6767
6768
6769
6770
6771
6772
6773
6774
6775
6776
6777
6778
6779
6780
6781
6782
6783
6784
6785
6786
6787
6788
6789
6790
6794
6795
6796
6797
6799
6801
6802
6803
6804
6805
6806
6807
6808
6809
6810
6811
6812
6813
6814
6815
6816
6817
6831
6832
6833
6834
6838
6839
6843
6956
6957
6958
6959
6960
6961
6962
6964
6965
6966
6967
6968
6969
6970
6972
7086
7088
7089
7090
7091
7092
7093
7094
7095
7096
7097
7098
7099
7100
7103
7117
7118
7119
7120
7121
7123
7124
7125
7126
7127
7128
7129
7130
7131
7133
7134
7135
7136
7137
7138
7139
7140
7141
7153
7154
7155
7191
7192
7193
7194
7195
7196
7197
7198
7199
7200
7201
7202
7203
7204
7205
7206
7207
7208
7209
7210
7211
7212
7213
7214
7215
7216
7217
7301
7302
7303
7304
7305
7306
7307
7308
7309
7310
7311
7312
7313
7314
7315
7316
7317
7318
7319
7320
7321
7322
7323
7324
7325
7326
7327
7328
7329
7330
7331
7332
7334
7335
7336
7337
7338
7339
7340
7341
7342
7344
7349
7350
7351
7352
7353
7354
7355
7356
7357
7358
7359
7360
7361
7362
7363
7767
7768
7769
7770
7771
7772
7773
7774
7775
7776
7777
7778
7779
7780
7781
7782
7783
7784
7790
7791
7792
7793
7795
7796
7797
7798
7799
7801
7802
7805
7806
7808
7809
7896
7897
7898
7899
7900
7901
7902
7903
7916
7917
7918
7919
7920
7921
7922
7924
7929
7930
7931
7932
7934
7935
7936
7937
7938
7939
7941
7942
7945
7946
7947
7948
7949
7950
7951
7952
7953
7954
7955
7957
7958
7959
7961
7966
7967
7968
7969
7970
8024
8025
8026
8030
8031
8032
8033
8034
8035
8036
8037
8043
8044
8045
8046
8047
8048
8049
8050
8052
8053
8054
8055
8056
8057
8058
8059
8060
8061
8062
8063
8064
8065
8066
8070
8071
8072
8073
8074
8075
8076
8077
8078
8079
8080
8082
8083
8084
8085
8086
8087
8088
8089
8090
8091
8092
8093
8094
8095
8096
8097
8098
8099
8100
8103
8104
8105
8106
8107
8108
8109
8110
8111
8112
8113
8114
8115
8116
8117
8118
8119
8120
8121
8124
8125
8126
8127
8128
8155
8162
8163
8164
8165
8166
8167
8169
8170
8171
8172
8173
8174
8175
8176
8177
8178
8179
8180
8181
8182
8183
8184
8185
8186
8187
8188
8189
8191
8195
8196
8197
8200
8243
8244
8245
8246
8248
8249
8251
8252
8253
8255
8256
8257
8258
8259
8265
8266
8267
8268
8269
8270
8271
8272
8273
8274
8275
8276
8277
8278
8279
8280
8281
8282
8283
8284
8285
8286
8287
8288
8289
8290
8292
8293
8295
8296
8297
8298
8299
8300
8301
8302
8303
8304
8305
8306
8307
8308
8309
8310
8311
8312
8313
8314
8315
8316
8317
8318
8319
8320
8321
8322
8323
8324
8325
8326
8327
8328
8329
8330
8331
8332
8333
8334
8335
8336
8337
8338
8339
8340
8341
8342
8343
8344
8346
8347
8348
8349
8350
8351
8352
8356
8357
8358
8359
8360
8361
8362
8363
8364
8434
8436
8437
8438
8439
8440
8441
8449
8451
8454
8455
8456
8460
8461
8462
8463
8466
8467
8468
8473
8474
8476
8477
8480
8509
8510
8511
8512
8513
8514
8515
8516
8517
8518
8519
8520
8521
8522
8523
8524
8525
8526
8527
8528
8529
8530
8531
8532
8533
8534
8535
8536
8537
8538
8539
8540
8541
8542
8543
8544
8545
8546
8547
8548
8549
8551
8555
8556
8557
8558
8559
8560
8561
8562
8563
8564
8565
8566
8567
8568
8569
8570
8571
8572
8573
8574
8575
8576
8577
8590
8591
8593
8594
8595
8596
8597
8598
8599
8600
8601
8602
8603
8604
8607
8608
8609
8610
8611
8612
8613
8614
8615
8616
8629
8630
8634
8641
8695
8696
8697
8698
8699
8700
8701
8702
8703
8704
8705
8706
8707
8708
8709
8710
8711
8712
8713
8714
8715
8716
8717
8718
8719
8720
8759
8760
8761
8763
8764
8767
8768
8769
8770
8771
8772
8773
8774
8775
8776
8777
8778
8779
8780
8781
8782
8783
8784
8786
8787
8788
8789
8793
8798
8799
8800
8801
8802
8803
8804
8805
8807
8808
8809
8810
8811
8812
8814
8815
8816
8817
8818
8819
8820
8821
8822
8823
8824
8825
8826
8827
8828
8829
8830
8831
8832
8833
8841
8842
8843
8844
8845
8846
8847
8848
8849
8850
8853
8854
8855
8856
8857
8858
8860
8861
8863
8864
8865
8867
8868
8869
8870
8871
8872
8873
8874
8875
8876
8877
8878
8879
8880
8881
8882
8883
8886
8888
8889
8890
8891
8892
8893
8894
8895
8896
8897
8898
8899
8900
8901
8902
8912
8913
8920
9112
9135
9136
9138
9139
9140
9141
9142
9143
9144
9145
9146
9147
9148
9149
9150
9151
9152
9153
9154
9155
9156
9157
9158
9160
9161
9162
9163
9164
9165
9166
9167
9168
9169
9170
9171
9180
9181
9182
9183
9184
9185
9186
9187
9188
9189
9190
9191
9192
9193
9194
9195
9204
9205
9208
9209
9210
9211
9212
9213
9215
9216
9217
9225
9290
9291
9292
9293
9294
9295
9296
9297
9298
9299
9300
9301
9304
9322
9323
9324
9325
9327
9328
9329
9330
9331
9332
9333
9334
9335
9336
9337
9338
9339
9340
9341
9342
9343
9344
9424
9425
9426
9427
9428
9429
9430
9431
9432
9433
9434
9435
9436
9439
9440
9441
9442
9443
9444
9445
9449
9450
9451
9452
9453
9454
9455
9456
9457
9459
9461
9463
9464
9465
9466
9467
9468
9469
9470
9473
9478
9479
9545
9546
9547
9548
9549
9550
9551
9552
9553
9554
9555
9562
9563
9568
9569
9570
9585
9586
9587
9588
9589
9591
9592
9593
9594
9595
9597
9598
9599
9600
9601
9602
9603
9604
9605
9606
9607
9608
9609
9610
9611
9612
9613
9614
9615
9616
9617
9618
9619
9620
9642
9644
9645
9648
9649
9650
9651
9652
9653
9654
9658
9659
9664
9665
9668
9669
9670
9671
9672
9673
9674
9675
9676
9677
9678
9679
9680
9681
9682
9683
9687
9692
9693
9694
9695
9696
9697
9698
9700
9701
9702
9703
9704
9705
9706
9707
9708
9709
9710
9711
9712
9713
9714
9715
9716
9717
9718
9719
9720
9721
9722
9725
9823
9824
9825
9826
9829
9830
9831
9832
9833
9834
9835
9836
9837
9838
9839
9840
9843
9844
9845
9848
9849
9850
9862
9863
9864
9865
9870
9871
9872
9874
9875
9876
9877
9880
9881
9882
9884
9885
9886
9887
9888
9889
9890
9891
9892
9893
9894
9895
9896
9897
9898
9899
9900
10042
10044
10045
10046
10047
10048
10049
10057
10058
10061
10062
10063
10064
10065
10066
10067
10069
10076
10077
10081
10082
10083
10084
10105
10106
10107
10108
10109
10110
10111
10112
10114
10115
10133
10146
10147
10148
10149
10150
10151
10152
10153
10154
10155
10156
10157
10158
10159
10160
10161
10162
10163
10164
10178
10179
10180
10190
10191
10192
10193
10194
10195
10196
10197
10198
10199
10200
10203
10204
10205
10206
10207
10208
10209
10210
10211
10212
10213
10214
10215
10216
10217
10218
10219
10220
10221
10222
10223
10224
10225
10226
10227
10228
10229
10231
10232
10233
10234
10235
10236
10237
10238
10241
10242
10243
10244
10245
10246
10247
10248
10251
10252
10253
10254
10255
10256
10257
10258
10259
10260
10263
10264
10265
10266
10267
10268
10269
10512
10513
10514
10515
10516
10517
10518
10519
10520
10521
10522
10523
10524
10525
10526
10528
10529
10530
10531
10532
10533
10534
10535
10536
10537
10538
10539
10540
10541
10542
10543
10546
10547
10548
10551
10552
10554
10556
10557
10559
10560
10561
10562
10563
10564
10566
10567
10568
10569
10570
10571
10572
10573
10574
10575
10576
10581
10587
10588
10589
10590
10591
10592
10593
10594
10598
10599
10600
10601
10602
10603
10604
10609
10610
10612
10613
10616
10618
10646
10652
10653
10654
10655
10656
10657
10658
10659
10660
10667
10668
10669
10670
10671
10672
10673
10674
10677
10678
10679
10680
10681
10682
10684
10686
10687
10688
10689
10690
10691
10692
10693
10694
10695
10696
10697
10698
10707
10710
10711
10712
10713
10714
10715
10716
10717
10718
10720
10727
10729
10730
10731
10732
10733
10734
10736
10737
10738
10740
10741
10745
10748
10749
10750
10751
10752
10753
10754
10756
10757
10758
10759
10801
10802
10805
10806
10808
10809
10810
10811
10812
10813
10814
10815
10816
10817
10818
10819
10820
10828
10837
10838
10839
10840
10841
10842
10843
10844
10845
10846
10847
10848
10849
10850
10852
10853
10855
10856
10857
10858
10859
10860
10862
10863
10864
10865
10866
10867
10870
10873
10874
10875
10876
10877
10878
10880
10881
10882
10883
10884
10885
10886
10887
10888
10889
10890
10891
10892
10893
10896
10901
10902
10903
10904
10905
10906
10907
10908
10909
10910
10911
10912
10913
10914
10915
10916
10917
10918
10919
10920
10921
10922
10923
10924
10925
10926
10927
10928
10929
10930
10931
10932
10985
10986
10990
10991
10993
10997
11004
11005
11006
11012
11013
11014
11015
11020
11022
11023
11024
11026
11027
11028
11029
11030
11031
11032
11033
11034
11035
11036
11037
11038
11039
11040
11041
11042
11043
11045
11046
11047
11048
11049
11050
11052
11053
11054
11055
11056
11057
11058
11059
11060
11061
11062
11063
11064
11065
11066
11164
11165
11174
11176
11177
11178
11179
11180
11181
11182
11183
11184
11185
11188
11189
11190
11191
11192
11193
11194
11195
11199
11200
11201
11202
11204
11207
11208
11209
11210
11211
11212
11213
11214
11215
11216
11217
11218
11219
11220
11221
11222
11223
11224
11225
11226
11227
11228
11229
11230
11231
11233
11234
11235
11236
11255
11256
11257
11258
11259
11260
11261
11262
11263
11264
11265
11266
11267
11268
11269
11271
11272
11273
11274
11275
11276
11277
11278
11279
11280
11281
11282
11283
11284
11285
11286
11287
11288
11289
11291
11303
11305
11306
11307
11320
11322
11323
11324
11325
11326
11327
11328
11330
11332
11333
11340
11342
11343
11344
11387
11388
11389
11394
11472
11473
11474
11475
11476
11477
11478
11479
11480
11483
11484
11485
11486
11487
11488
11489
11490
11491
11492
11493
11494
11495
11496
11497
11498
11499
11500
11503
11504
11505
11506
11507
11508
11509
11510
11511
11512
11513
11514
11515
11516
11517
11520
11521
11524
11528
11530
11531
11532
11533
11535
11536
11537
11538
11539
11543
11546
11547
11548
11553
11554
11555
11556
11557
11558
11559
11560
11561
11562
11563
11564
11565
11568
11569
11570
11571
11572
11573
11574
11575
11576
11577
11578
11579
11580
11581
11582
11583
11584
11585
11586
11587
11589
11590
11591
11592
11593
11594
11595
11775
11776
11777
11778
11779
11782
11783
11784
11785
11786
11787
11788
11789
11790
11791
11792
11793
11794
11795
11796
11799
11800
11807
11808
11809
11810
11811
11812
11813
11814
11815
11816
11817
11818
11819
11820
11821
11824
11825
11826
11827
11828
11829
11830
11831
11832
11833
11879
11880
11881
11882
11883
11884
11885
11886
11887
11888
11889
11890
11891
11892
11893
11894
11895
11898
11899
11907
11915
11916
12046
12047
12048
12049
12050
12052
12063
12064
12065
12066
12067
12068
12069
12070
12071
12072
12076
12077
12078
12079
12080
12081
12082
12083
12084
12085
12086
12087
12088
12089
12090
12091
12092
12093
12094
12095
12096
12097
12098
12099
12100
12101
12102
12103
12104
12105
12106
12107
12108
12109
12110
12111
12112
12113
12114
12115
12116
12117
12118
12119
12120
12122
12123
12134
12142
12143
12147
12148
12149
12150
12151
12152
12153
12154
12155
12156
12160
12161
12162
12163
12164
12165
12166
12167
12168
12169
12170
12199
12214
12215
12217
12218
12219
12222
12223
12224
12225
12226
12227
12228
12229
12230
12252
12253
12254
12255
12256
12257
12262
12264
12265
12266
12267
12268
12269
12270
12271
12272
12273
12274
12275
12276
12277
12278
12279
12280
12281
12294
12297
12298
12299
12300
12301
12302
12303
12304
12305
12310
12311
12312
12313
12314
12323
12324
12325
12326
12327
12328
12329
12330
12331
12332
12333
12334
12335
12336
12337
12338
12339
12340
12341
12342
12343
12344
12345
12346
12347
12348
12349
12350
12351
12352
12353
12354
12355
12356
12357
12358
12359
12360
12362
12363
12364
12365
12366
12367
12368
12369
12370
12371
12372
12373
12374
12375
12376
12377
12378
12379
12380
12381
12383
12384
12385
12386
12387
12388
12389
12390
12391
12392
12393
12394
12395
12396
12397
12398
12399
12400
12401
12402
12403
12404
12405
12406
12407
12418
12419
12420
12421
12422
12423
12424
12425
12426
12427
12428
12429
12430
12431
12432
12433
12434
12435
12436
12437
12438
12439
12440
12441
12442
12443
12444
12445
12446
12448
12449
12450
12451
12452
12453
12455
12456
12457
12458
12459
12460
12461
12462
12463
12464
12465
12466
12467
12468
12469
12470
12471
12472
12473
12474
12475
12476
12477
12478
12479
12480
12481
12482
12483
12484
12485
12486
12487
12488
12491
12492
