6153
6154
6354
6582
7148
7150
8000
8002
8003
8004
8005
9396
9462
9542
9543
9544
9624
9657
9841
9842
9852
9879
10128
10130
10131
10174
10175
10176
10177
10549
10550
10595
10596
10702
10703
10704
10705
10706
10708
10709
10728
10829
10832
10835
10934
10935
10937
10940
10994
11000
11001
11159
11160
11161
11162
11166
11167
11334
11335
11338
11462
11466
11467
11468
11469
11470
11665
11670
11804
11805
11896
11900
11902
11910
11911
11912
11913
12139
12206
12208
12209
12210
12211
12212
12213
12447
12489
