2390
164
165
166
167
296
297
669
671
672
673
674
675
676
1042
1043
1044
1045
1046
1047
1048
1049
1050
1051
1052
1053
1483
1840
1843
2287
2385
2386
2387
2388
2389
2391
2392
2393
2394
2395
2396
2397
2398
2399
2400
2557
2569
2570
2768
2769
2770
2771
2772
2773
2774
2775
2776
2777
2795
2796
2797
2798
2799
2806
2807
2812
2813
2815
2816
2817
2818
2819
2820
2821
2822
2823
2824
2825
2897
2898
2899
2901
2902
2903
2904
2905
2906
2907
2908
2909
2910
2911
2914
2915
2916
2917
3048
3049
3050
3051
3052
3097
3138
3139
3338
3339
3340
3341
3342
3343
3345
3346
3347
3348
3349
3350
3431
3432
3433
3434
3435
3436
3666
3667
3669
3900
3901
3902
3904
3987
3988
3989
3990
3991
3992
3993
3994
3995
3996
3997
3998
4058
4354
4355
4356
4358
4374
4379
4380
4381
4382
4385
4386
4387
4388
4389
4390
4391
4392
4393
4394
4395
4396
4397
4865
4871
4872
4873
4874
4875
4876
4877
4878
4879
4880
4881
4882
4883
4884
4889
4890
4891
4892
4893
4906
4907
4908
4909
5137
5142
5143
5284
5287
5288
5289
5295
5296
5297
5298
5299
5300
5301
5303
5304
5309
5310
5312
5348
5349
5350
5351
5425
5426
5427
5935
