11989
6275
6276
6277
6278
6279
6280
6281
6282
6283
6284
6306
6307
6310
6312
6314
6315
6318
6323
6363
6364
6365
6366
6367
6368
6369
6372
6373
6378
6379
6380
6381
6383
6384
6403
6404
6405
6406
6407
6408
6409
6410
6413
6414
6437
6440
6441
6442
6443
6444
6449
6450
6452
6453
6454
6455
6456
6457
6458
6459
6460
6461
6463
6464
6465
6466
6469
6470
6471
6472
6473
6475
6476
6477
6478
6486
6487
6488
6489
6490
6491
6492
6493
6500
6501
6502
6503
6504
6509
6510
6514
6517
6518
6519
6521
6523
6524
6530
6538
6539
6540
6541
6542
6543
6544
6545
6546
6547
6548
6549
6550
6551
6552
6852
6853
6854
6859
6860
6861
6862
6865
6866
6867
6868
6869
6870
6871
6872
6873
6874
6875
6876
6885
6886
6891
6892
6893
6894
6895
6896
6898
6912
6913
6914
6915
6916
6917
6918
6919
6920
6921
6922
6923
6924
6925
6928
6929
6975
6977
6978
6979
6980
6982
6983
6984
6985
6986
6988
6989
6990
6991
6992
6993
6994
6995
6996
6997
6998
6999
7000
7001
7002
7003
7004
7005
7006
7008
7021
7022
7023
7024
7025
7026
7045
7046
7047
7048
7049
7052
7053
7054
7055
7056
7057
7058
7059
7060
7061
7062
7063
7064
7066
7067
7069
7070
7071
7072
7074
7075
7076
7077
7078
7079
7080
7081
7082
7083
7084
7431
7488
7497
7498
7503
7504
7835
7837
7838
7839
7840
7848
7849
7850
7851
7852
7853
8379
8380
8381
8382
8383
8385
8386
8387
8397
8398
8403
8405
8406
8407
8408
8411
8643
8644
8646
8647
8648
8649
8650
8651
8653
8941
8942
8943
8944
8945
8946
8947
8948
8949
8950
8951
8955
8956
8957
8958
8959
8960
8961
8962
8968
8969
8972
8975
8976
8977
8978
8979
8980
8994
8995
8996
8997
8998
9000
9001
9002
9003
9004
9005
9008
9009
9010
9011
9012
9013
9014
9016
9019
9020
9024
9029
9030
9031
9032
9033
9034
9037
9038
9039
9040
9041
9042
9043
9044
9045
9047
9048
9049
9050
9051
9052
9053
9056
9057
9059
9060
9061
9062
9063
9064
9065
9066
9068
9069
9070
9071
9072
9073
9074
9075
9076
9077
9078
9483
9484
9485
9487
9488
9490
9491
9492
9493
9494
9495
9496
9497
9498
9499
9500
9501
9502
9503
9504
9505
9511
9512
9513
9514
9515
9516
9517
9518
9519
9520
9521
9522
9755
9756
9758
9759
9765
9766
9767
9768
9769
9770
9771
9772
9773
9774
9775
9776
9777
9778
9779
9781
9782
9783
9784
9785
9786
9794
9795
9797
9800
9964
9965
9966
9967
9968
9970
9971
9974
9975
9981
9982
9983
9984
9985
9986
9987
9988
9989
9990
9991
9992
9993
9994
9995
10015
10016
10017
10018
10019
10020
10021
10022
10023
10024
10025
10026
10027
10028
10029
10030
10031
10277
10278
10279
10280
10281
10282
10283
10287
10289
10291
10294
10295
10296
10301
10302
10303
10305
10313
10314
10326
10327
10328
10329
10330
10331
10332
10333
10334
10335
10336
10337
10338
10339
10340
10341
10342
10345
10346
10353
10354
10355
10360
10361
10362
10365
10366
10367
10368
10371
10372
10374
10375
10376
10377
10384
10391
10397
10399
10400
10403
10404
10405
10406
10407
10408
10409
10410
10411
10412
10414
10415
10416
10417
10418
10419
10420
10421
10422
10433
10434
10435
10436
10438
10439
10440
10963
10964
10965
10966
10967
10974
11100
11101
11102
11103
11106
11110
11111
11113
11114
11115
11116
11117
11118
11119
11120
11121
11122
11123
11124
11125
11126
11127
11128
11618
11625
11626
11627
11628
11629
11630
11631
11632
11633
11634
11635
11636
11637
11638
11639
11640
11641
11642
11643
11644
11647
11690
11691
11692
11693
11695
11696
11697
11698
11699
11700
11701
11712
11713
11714
11722
11723
11724
11725
11726
11727
11728
11729
11730
11731
11732
11733
11734
11735
11736
11737
11738
11740
11741
11742
11743
11745
11750
11751
11752
11758
11759
11760
11761
11762
11763
11764
11765
11766
11767
11768
11769
11770
11771
11772
11773
11774
11926
11927
11928
11929
11930
11931
11932
11933
11934
11935
11936
11937
11938
11939
11940
11941
11942
11943
11944
11945
11946
11947
11948
11949
11950
11951
11952
11953
11954
11955
11956
11957
11958
11959
11960
11961
11962
11963
11964
11965
11966
11967
11968
11969
11970
11971
11972
11973
11974
11975
11976
11977
11979
11980
11981
11982
11983
11984
11985
11986
11987
11988
11990
11991
11992
11993
11996
11997
12178
12179
12180
12181
12182
12183
12184
