178
179
182
183
184
186
187
188
194
207
208
209
210
481
482
483
484
485
486
487
489
552
553
555
556
561
563
564
565
566
567
568
569
570
572
573
574
575
576
577
578
579
580
581
582
583
584
585
586
587
588
589
590
592
593
594
595
596
600
608
609
610
611
612
613
614
615
616
617
618
619
620
621
622
623
624
625
626
627
628
629
630
631
632
633
634
635
636
637
638
639
640
641
642
643
646
647
648
650
651
652
653
654
655
656
657
658
659
662
663
664
665
667
757
758
759
760
761
762
763
764
765
766
767
769
770
771
772
773
774
775
776
777
778
779
781
782
783
785
786
787
788
789
790
791
792
793
804
805
815
816
843
844
845
866
867
869
872
873
878
880
881
882
883
884
885
886
887
888
889
890
891
892
893
894
895
896
897
898
899
900
901
902
903
905
906
907
908
909
910
912
913
914
915
916
917
918
919
920
921
922
923
924
925
926
927
928
929
930
931
932
933
934
935
936
937
938
939
940
941
942
943
947
948
949
951
1091
1093
1519
1520
1521
1522
1524
1525
1533
1556
1567
1568
1569
1570
1571
1572
1573
1574
1575
1576
1577
1578
1579
1580
1581
1582
1583
1584
1585
1586
1587
1588
1589
1590
1591
1592
1593
1595
1596
1597
1598
1599
1600
1601
1602
1603
1604
1605
1606
1607
1608
1609
1610
1611
1612
1613
1614
1615
1616
1617
1618
1620
1621
1622
1624
1625
1626
1627
1628
1631
1632
1633
1635
1636
1637
1638
1639
1640
1641
1642
1643
1644
1645
1646
1647
1652
1653
1654
1655
1656
1657
1658
1660
1661
1662
1663
1664
1665
1666
1667
1668
1669
1670
1671
1672
1675
1676
1677
1678
1679
1680
1681
1682
1683
1684
1685
1686
1687
1692
1693
1694
1695
1696
1697
1698
1730
1731
1732
1733
1734
1735
1736
1737
1738
1739
1740
1741
1742
1743
1744
1745
1746
1747
1748
1749
1750
1751
1764
1767
1768
1769
1770
1771
1772
1773
1774
1775
1776
1777
1779
1783
1784
1785
1786
1787
1788
1789
1790
1791
1792
1793
1794
1795
1796
1797
1798
1799
1800
1801
1802
1803
1804
1805
1806
1807
1808
1809
1810
1811
1812
1813
1814
1815
1816
1820
1821
1824
1825
1826
1827
1829
1830
1831
1832
1859
1860
1863
1865
1866
1867
1868
1869
1870
1871
1872
1873
1874
1875
1876
1877
1878
1879
1886
1887
1888
1889
1890
1891
1892
1893
1894
1895
1896
1915
1918
1920
1921
1924
1925
1926
1927
1928
1929
1930
1931
1932
1933
1934
1939
1940
1941
1942
1943
1944
1945
1947
1948
1949
1950
1951
1952
1954
1955
1956
1957
1961
1963
1964
1965
1966
1967
1968
1969
1970
1971
1972
1973
1974
1975
1976
1977
1978
1979
1980
1981
1982
1983
1984
1985
1986
1987
1988
1989
1990
1991
1992
1993
1994
1995
1996
1997
1998
1999
2006
2007
2008
2009
2010
2011
2012
2013
2015
2016
2018
2019
2021
2023
2024
2025
2026
2027
2028
2029
2030
2031
2032
2033
2034
2035
2036
2037
2038
2039
2040
2041
2042
2043
2044
2045
2046
2047
2048
2049
2050
2051
2052
2053
2054
2055
2056
2057
2059
2060
2062
2063
2064
2065
2066
2067
2068
2069
2070
2071
2072
2073
2074
2075
2076
2077
2078
2113
2114
2115
2116
2117
2118
2119
2120
2121
2122
2123
2124
2126
2127
2128
2129
2130
2131
2132
2133
2134
2135
2136
2137
2138
2139
2140
2141
2142
2143
2144
2145
2146
2147
2148
2149
2150
2151
2152
2153
2154
2155
2156
2157
2158
2159
2161
2162
2163
2164
2165
2166
2167
2168
2169
2170
2171
2174
2175
2176
2177
2178
2179
2180
2181
2182
2183
2184
2185
2186
2187
2188
2189
2192
2193
2194
2195
2196
2197
2198
2199
2202
2203
2210
2211
2212
2213
2214
2215
2216
2217
2218
2219
2221
2222
2223
2224
2225
2227
2228
2229
2230
2232
2234
2244
2291
2296
2297
2298
2302
2303
2304
2305
2306
2307
2308
2309
2310
2311
2312
2313
2314
2315
2317
2318
2319
2321
2322
2323
2324
2328
2331
2332
2334
2335
2336
2337
2343
2355
2367
2368
2369
2372
2405
2413
2414
2415
2416
2417
2418
2419
2420
2421
2422
2423
2424
2425
2426
2427
2428
2431
2436
2437
2440
2447
2448
2449
2450
2451
2452
2453
2454
2455
2456
2457
2458
2459
2461
2462
2463
2464
2465
2466
2467
2468
2469
2470
2471
2472
2473
2476
2477
2478
2479
2480
2481
2482
2483
2484
2485
2486
2487
2488
2490
2491
2492
2493
2494
2495
2496
2497
2498
2499
2503
2504
2505
2507
2508
2509
2510
2511
2512
2513
2514
2515
2516
2517
2518
2519
2520
2521
2522
2523
2524
2525
2526
2527
2528
2647
2648
2649
2650
2651
2652
2653
2654
2655
2692
2693
2694
2695
2696
2697
2698
2699
2700
2701
2702
2703
2704
2705
2706
2707
2708
2709
2710
2711
2712
2713
2715
2716
2717
2718
2719
2720
2721
2809
2923
2924
3057
3059
3060
3061
3062
3063
3064
3065
3146
3147
3148
3149
3150
3151
3152
3153
3154
3155
3156
3157
3158
3159
3161
3162
3163
3164
3165
3166
3167
3168
3169
3170
3206
3207
3208
3209
3210
3211
3224
3225
3226
3227
3228
3229
3230
3231
3233
3234
3235
3236
3237
3238
3239
3240
3243
3244
3245
3246
3247
3248
3249
3261
3262
3263
3264
3265
3266
3267
3268
3269
3270
3271
3272
3273
3274
3276
3280
3281
3282
3283
3284
3285
3286
3287
3288
3289
3290
3291
3292
3293
3294
3295
3296
3297
3298
3299
3300
3301
3302
3303
3304
3305
3306
3307
3308
3309
3311
3312
3313
3314
3315
3316
3369
3370
3371
3372
3373
3374
3375
3376
3377
3378
3379
3380
3381
3382
3383
3384
3385
3386
3387
3388
3389
3390
3391
3392
3393
3394
3395
3396
3397
3398
3399
3400
3401
3402
3403
3404
3405
3407
3408
3409
3559
3560
3561
3562
3563
3565
3566
3567
3568
3569
3571
3575
3576
3577
3578
3579
3580
3581
3583
3584
3585
3586
3587
3588
3589
3590
3591
3592
3593
3594
3595
3596
3597
3607
3608
3609
3610
3611
3612
3613
3614
3615
3616
3617
3618
3619
3620
3621
3622
3623
3624
3625
3626
3627
3628
3629
3630
3631
3632
3633
3634
3635
3636
3637
3638
3639
3706
3707
3708
3709
3710
3711
3712
3713
3715
3716
3717
3718
3719
3720
3721
3722
3733
3734
3735
3736
3737
3738
3739
3740
3741
3742
3743
3744
3745
3746
3747
3748
3749
3750
3751
3752
3753
3754
3755
3756
3757
3758
3759
3760
3761
3762
3763
3764
3765
3766
3767
3768
3769
3770
3771
3772
3773
3774
3776
3779
3780
3781
3782
3783
3784
3785
3786
3787
3788
3789
3790
3791
3792
3793
3794
3795
3796
3797
3798
3799
3800
3801
3802
3803
3804
3806
3807
3808
3809
3810
3811
3812
3813
3814
3815
3816
3818
3819
3820
3821
3822
3823
3824
3825
3826
3827
3828
3829
3830
3831
3832
3833
3834
3835
3836
3837
3838
3839
3840
3841
3842
3843
3844
3845
3846
3847
3848
3849
3850
3851
3852
3853
3854
3855
3856
3857
3858
3859
3860
3861
3862
3863
3864
3865
3866
3867
3868
3869
3870
3872
3875
3876
3877
3878
3879
3880
3881
3882
3886
3887
3888
3893
3907
3908
3909
3910
3911
3912
3913
3914
3915
3916
3917
3919
3920
3921
3923
3924
3925
3926
3927
3928
3929
3932
3933
3934
3935
3936
3938
3939
3948
3949
3950
3951
3952
3953
3954
3955
3956
3957
3958
3959
3960
3961
3962
3965
3966
3967
3968
4000
4001
4002
4003
4004
4005
4006
4011
4013
4014
4015
4016
4017
4018
4019
4020
4021
4022
4023
4024
4026
4033
4034
4035
4036
4037
4038
4039
4044
4045
4046
4047
4048
4049
4050
4051
4063
4064
4065
4066
4075
4076
4077
4083
4084
4085
4086
4087
4088
4089
4090
4094
4095
4096
4097
4098
4099
4101
4102
4103
4111
4112
4113
4114
4115
4116
4117
4118
4119
4120
4121
4122
4123
4124
4125
4126
4127
4128
4130
4140
4145
4146
4147
4148
4149
4150
4152
4153
4155
4158
4159
4160
4161
4162
4164
4166
4167
4168
4179
4180
4186
4187
4188
4189
4190
4191
4192
4193
4194
4195
4196
4197
4198
4199
4200
4201
4202
4203
4204
4205
4206
4208
4209
4210
4211
4212
4213
4214
4215
4216
4217
4219
4220
4238
4239
4240
4241
4242
4243
4244
4245
4246
4247
4248
4249
4250
4251
4252
4253
4254
4257
4258
4259
4260
4261
4267
4274
4275
4276
4277
4278
4279
4280
4281
4282
4283
4284
4285
4286
4287
4289
4290
4291
4292
4293
4294
4295
4296
4297
4298
4299
4325
4404
4405
4406
4407
4408
4409
4410
4411
4413
4414
4415
4416
4420
4421
4422
4423
4424
4425
4426
4427
4428
4429
4430
4442
4443
4444
4445
4446
4447
4448
4449
4450
4451
4452
4453
4454
4455
4456
4457
4458
4459
4460
4464
4465
4466
4470
4471
4472
4475
4476
4477
4478
4479
4480
4481
4482
4483
4484
4486
4822
4823
4824
4825
4826
4827
4828
4829
4830
4833
4834
4835
4836
4837
4838
4839
4840
4842
4843
4844
4845
4849
4850
4858
4915
4916
4917
4918
4919
4920
4926
4927
4928
4929
4930
4931
4932
4933
4934
4935
4936
4937
4938
4943
4946
4947
4948
4949
4950
4951
4952
4953
4954
4955
4956
4957
4958
4959
4960
4961
4962
4963
4964
4965
4966
4968
4971
4972
4973
4974
4975
4976
4983
4984
4985
4989
4990
4991
4992
5105
5116
5117
5118
5119
5120
5122
5131
5133
5134
5135
5272
5274
5441
5442
5443
5444
5445
5446
5447
5449
5450
5451
5452
5453
5454
5455
5456
5459
5461
5462
5463
5464
5465
5466
5467
5468
5469
5470
5471
5472
5473
5474
5475
5476
5477
5478
5479
5480
5484
5485
5492
5493
5494
5495
5496
5497
5498
5500
5503
5504
5505
5506
5507
5508
5512
5513
5514
5515
5516
5517
5518
5519
5540
5541
5544
5545
5547
5548
5549
5550
5557
5558
5559
5560
5561
5562
5563
5564
5565
5567
5568
5575
5576
5585
5587
5588
5589
5590
5591
5592
5595
5596
5597
5598
5599
5600
5601
5602
5626
5627
5629
5631
5632
5633
5635
5636
5637
5640
5641
5642
5643
5644
5645
5647
5648
5649
5650
5669
5670
5671
5672
5673
5674
5675
5676
5683
5686
5689
5692
5693
5694
5695
5696
5697
5698
5699
5700
5701
5702
5703
5704
5708
5710
5711
5712
5715
5716
5719
5723
5724
5725
5726
5727
5728
5729
5731
5732
5733
5735
5736
5737
5738
5739
5740
5741
5743
5744
5745
5746
5747
5748
5749
5750
5751
5752
5753
5754
5755
5756
5757
5758
5759
5761
5762
5763
5764
5765
5766
5767
5768
5769
5770
5771
5772
5773
5775
5776
5777
5778
5779
5780
5781
5782
5783
5784
5785
5786
5787
5788
5789
5790
5791
5792
5793
5794
5795
5796
5797
5798
5799
5800
5801
5802
5803
5804
5805
5806
5807
5808
5809
5810
5812
5826
5828
5829
5830
5831
5832
5849
5850
5851
5852
5853
5854
5855
5856
5857
5858
5859
5860
5861
5862
5863
5864
5865
5866
5867
5868
5869
5870
5871
5872
5873
5874
5875
5876
5877
5878
5879
5880
5881
5882
5883
5884
5885
5889
5891
5892
5893
5894
5895
5896
5898
5899
5900
5901
5902
5903
5904
5907
5967
5968
5971
5972
5973
5974
5975
5976
5977
5978
5979
5980
5981
5982
5983
5984
5985
5986
5987
5988
5989
5990
5991
5992
5993
5994
5995
5996
5998
5999
6000
6002
6003
6004
6005
6006
6007
6008
6009
6010
