6627
961
962
963
964
965
967
968
969
974
976
1098
1099
1100
1101
1103
1104
1269
1270
1271
1273
1274
1277
1278
1291
1292
1293
1296
1297
1298
1299
1300
1301
1304
2529
2530
2532
2533
2534
2535
2536
2542
2543
2722
3325
3326
3327
3328
3329
3330
3331
3332
3333
3335
3336
4494
4499
4500
4513
4514
4515
4516
4517
4518
4529
4531
4532
4534
4535
4537
4538
4539
4540
4541
4542
5610
5611
5612
5615
5616
5617
5618
5619
5620
5621
5622
5623
5624
5652
5653
5654
5655
5656
5657
5658
5659
6028
6029
6110
6111
6112
6113
6114
6115
6119
6120
6261
6266
6267
6268
6269
6270
6271
6615
6618
6619
6620
6621
6622
6623
6624
6625
6626
6629
6630
6631
6632
6633
7388
7389
7390
7391
7392
7393
7394
7395
7396
7397
7398
7728
7729
7730
7731
7820
7976
7977
8486
8488
8489
8490
8491
8492
8493
8494
9082
9084
9096
9097
9227
9228
9229
9230
9231
9232
9233
9564
9565
10182
10183
10473
10474
10475
10480
10486
10487
10488
10491
10492
10493
10782
10783
10785
10786
12034
12035
