9584
180
181
768
846
847
848
904
911
1673
1674
1689
1691
1753
1754
1755
1756
1757
1758
1759
1760
1761
1762
1763
1765
1766
1819
1823
2020
2022
2058
2061
2173
2316
2361
2364
2365
2371
2434
2460
2500
2501
2502
3251
3254
3256
3257
3275
3310
3317
3318
3320
3564
3570
3602
3603
3728
3730
3805
3817
3931
4025
4040
4041
4042
4043
4300
4301
4307
4309
4474
4831
4832
4921
4922
4923
5577
5578
5579
5593
5628
5638
5639
5678
5679
5680
5688
5690
5691
5714
5720
5721
5722
5734
5760
5834
5835
5836
5837
5838
5839
5840
5841
5842
6181
6252
6253
6599
6600
6601
6602
6820
6821
6840
6841
6842
7756
7763
7764
7923
7925
7927
7928
7981
7982
7983
7984
7985
7986
7987
7988
7989
7990
7991
7992
7993
7994
8129
8130
8192
8193
8239
8240
8254
8262
8263
8264
8550
8553
8636
8637
8795
8796
8797
8840
8852
8862
9571
9572
9573
9576
9577
9581
9583
9643
9646
9647
9688
9689
9690
9827
9828
10070
10071
10072
10073
10074
10075
10113
10201
10202
10249
10250
10675
10742
10743
10744
10760
10800
10804
10868
10869
10871
10894
10897
10898
10899
10900
11007
11016
11017
11018
11021
11051
11481
11502
11526
11527
11529
11822
11823
12129
12131
12132
12133
12293
12309
12490
