841
660
807
828
829
834
835
836
840
842
862
1561
1564
1565
1688
1781
1782
1817
1818
1828
1862
1958
1959
2014
3056
3241
3250
3252
3253
3255
3423
3714
3723
3724
3725
3731
3732
3930
3940
4031
4032
4207
4473
4855
4988
5511
5580
5581
5582
5594
5630
5833
6174
6177
6178
6185
6356
6573
6792
6818
6835
7087
7964
7995
7996
7997
7998
8039
8041
8042
8081
8158
8159
8160
8353
8638
8639
8689
8914
8915
8916
9574
9579
9580
9590
9596
9656
9723
9724
9873
9878
10085
10086
10565
10683
10761
10762
11019
11025
11175
11349
11352
11465
11523
12026
12057
12058
12059
12060
12135
12140
12203
12204
12205
12234
12236
12237
12308
12361
