9584
6181
6252
6253
6599
6600
6601
6602
6820
6821
6840
6841
6842
7756
7763
7764
7923
7925
7927
7928
7981
7982
7983
7984
7985
7986
7987
7988
7989
7990
7991
7992
7993
7994
8129
8130
8192
8193
8239
8240
8254
8262
8263
8264
8550
8553
8636
8637
8795
8796
8797
8840
8852
8862
9571
9572
9573
9576
9577
9581
9583
9643
9646
9647
9688
9689
9690
9827
9828
10070
10071
10072
10073
10074
10075
10113
10201
10202
10249
10250
10675
10742
10743
10744
10760
10800
10804
10868
10869
10871
10894
10897
10898
10899
10900
11007
11016
11017
11018
11021
11051
11481
11502
11526
11527
11529
11822
11823
12129
12131
12132
12133
12293
12309
12490
