4521
677
679
680
681
682
683
1305
1308
1309
1310
1311
1312
1313
1484
1485
1486
1488
1489
1490
1491
3640
3642
3644
3645
3646
3647
4522
4523
4524
4525
4527
4528
5278
5279
5281
5282
5283
6076
6078
6084
6086
6087
6088
6089
6090
6091
6092
6093
6094
6095
7371
7372
7373
7374
7375
7376
7377
7378
7379
7380
7381
7382
7383
7384
7412
7413
7414
7415
7416
7973
7974
7975
8836
9935
9936
9937
9939
9940
9941
9942
9943
9944
9945
9946
9947
9948
9949
9950
9951
9952
9953
9954
9955
9956
9957
9958
9959
9960
9961
11311
11312
11677
11678
11680
