4321
190
306
307
308
312
313
314
315
316
317
318
319
832
833
1690
2080
2081
2376
2377
2378
2379
2803
2805
3366
3368
3726
3727
3729
3898
3899
4060
4061
4224
4225
4302
4303
4304
4305
4306
4308
4310
4313
4314
4315
4318
4319
4320
4322
4323
4870
6184
6700
6701
6703
6706
6793
7275
7276
7277
7278
7279
7280
7755
7757
7758
7759
7760
7761
7762
8001
8007
8009
9126
11350
11353
11354
11355
11356
11522
11525
11859
11862
12027
12028
12030
12031
12248
12282
12283
12285
12286
12287
12288
12289
12290
12291
12292
