814
191
192
193
195
196
197
198
199
200
201
202
488
571
597
598
599
601
602
644
645
649
808
810
811
812
813
817
818
821
822
944
945
946
950
1594
1623
1629
1630
1634
1648
1649
1650
1651
1822
1880
1881
1882
1883
1884
1885
1916
1917
1919
1923
1935
1936
1937
1938
1946
1953
2017
2125
2201
2220
2226
2231
2292
2293
2294
2295
2299
2300
2301
2341
2344
2349
2350
2353
2366
2439
2441
2442
2489
2714
3217
3218
3219
3220
3221
3222
3223
3232
3242
3258
3259
3260
3279
3324
3572
3573
3574
3775
3777
3778
3871
3918
3922
3937
3944
3945
3946
3947
4007
4078
4079
4080
4081
4082
4139
4151
4154
4163
4165
4173
4174
4181
4182
4183
4184
4185
4218
4288
4412
4485
4940
4941
4942
4944
4945
5103
5104
5106
5107
5108
5109
5110
5457
5458
5460
5543
5546
5566
5571
5572
5573
5586
5705
5706
5707
5709
5713
5742
5969
5970
6122
6126
6127
6128
6129
6130
6131
6132
6133
6134
6145
6146
6152
6155
6156
6157
6158
6159
6160
6183
6202
6257
6608
6819
6836
6837
6971
7101
7102
7122
7147
7172
7173
7174
7765
7766
7800
7933
7940
7943
7944
7956
7960
7962
7963
7965
8051
8067
8068
8069
8101
8102
8190
8194
8247
8260
8261
8291
8294
8552
8554
8631
8640
8721
8722
8723
8724
8731
8732
8733
8735
8736
8737
8738
8739
8740
8757
8758
8762
8790
8791
8792
8806
8866
9174
9196
9197
9198
9199
9200
9201
9202
9203
9206
9207
9437
9438
9446
9447
9448
9855
9856
9857
9858
9859
9860
9861
9866
9867
9868
9869
10051
10053
10054
10055
10056
10059
10060
10078
10132
10142
10143
10145
10167
10168
10169
10170
10261
10262
10527
10553
10555
10577
10578
10579
10580
10582
10583
10584
10585
10586
10605
10606
10608
10614
10615
10617
10619
10620
10621
10623
10624
10625
10626
10627
10628
10629
10630
10631
10632
10633
10638
10639
10640
10641
10642
10645
10647
10648
10649
10650
10651
10661
10662
10664
10699
10700
10701
10746
10747
10755
10807
10851
10854
10879
11044
11163
11186
11187
11196
11197
11198
11203
11205
11206
11232
11270
11329
11331
11336
11337
11341
11459
11460
11461
11482
11518
11519
11534
11540
11541
11542
11544
11545
11549
11550
11551
11552
11566
11567
11588
11780
11781
11806
11914
12073
12074
12075
12141
12144
12145
12146
12158
12216
12220
12221
12232
12233
12235
12259
12260
12261
12263
12295
12296
12306
12307
12382
12454
