10001
284
285
288
289
290
291
292
293
294
295
1369
1370
1371
1376
1377
1378
1379
1443
1447
1448
1449
1464
1465
1466
1467
1468
1469
1470
1471
1472
1473
1474
1476
1478
2258
2259
2286
2549
2550
2551
2552
2553
2554
2555
2556
2607
2608
2609
2611
2612
2613
2614
2663
2664
2665
2666
2667
2668
2669
2670
2671
2672
2673
2674
2683
2684
2685
2686
2889
2890
2891
2892
2893
2894
2895
2896
2962
2968
3035
3036
3037
3038
3039
3040
3041
3042
3043
3044
3045
3046
3047
3089
3090
3091
3092
3093
3094
3095
3102
3103
3104
3105
3106
3107
3108
3110
3112
3113
3115
3116
3117
3120
3130
3134
3135
3136
3137
3202
3437
3438
3512
3515
3516
3517
3518
3519
3520
3524
3531
3532
3534
3543
3544
3984
3986
4562
4596
4603
4604
4605
4606
4608
4609
4610
4611
4743
4744
4746
4776
4777
4778
4779
4787
4794
4801
4802
4804
4805
5004
5005
5006
5007
5337
5342
5343
5345
5346
5428
6272
6273
6274
6316
6317
6445
6446
6447
6448
6451
6462
6467
6468
6474
6482
6483
6484
6485
6525
6526
6527
6528
6529
6531
6532
6533
6534
6535
6536
6537
6855
6856
6857
6858
6863
6864
6926
6927
6973
6974
6976
6981
7050
7051
8665
8963
8964
8965
8966
8967
8970
8971
8999
9006
9007
9015
9017
9018
9021
9022
9023
9025
9026
9027
9028
9035
9036
9046
9054
9055
9058
9067
9489
9510
9524
9780
9787
9788
9789
9790
9791
9792
9793
9798
9799
9962
9996
9997
9998
9999
10000
10002
10003
10004
10005
10006
10009
10010
10284
10285
10286
10288
10290
10292
10293
10297
10298
10299
10300
10304
10306
10307
10308
10309
10310
10311
10312
10315
10316
10317
10318
10319
10320
10321
10322
10323
10324
10325
10373
10378
10379
10380
10413
10423
10424
10425
10426
10427
10428
10429
10430
10431
10432
11104
11105
11135
11136
11137
11138
11145
11146
11147
11148
11739
11753
11839
11920
11994
11999
12015
