7491
255
256
257
258
490
493
495
496
497
498
499
500
501
502
503
504
505
506
507
508
509
510
511
512
513
514
515
516
517
521
522
527
528
529
530
535
539
540
541
542
977
981
982
983
984
985
986
987
988
989
990
991
992
993
994
995
996
997
998
999
1000
1001
1002
1008
1009
1010
1011
1012
1021
1023
1037
1038
1039
1040
1193
1194
1196
1197
1198
1199
1200
1202
1203
1204
1205
1206
1207
1208
1211
1217
1218
1219
1220
1315
1316
1318
1319
1320
1323
1324
1325
1326
1327
1328
1329
1330
1331
1332
1333
1334
1335
1336
1337
1338
1339
1340
1341
1342
1343
1344
1345
1346
1347
1348
1349
1350
1351
1353
1354
1355
1356
1357
1358
1359
1361
1362
1363
2572
2573
2574
2575
2576
2577
2578
2579
2580
2581
2582
2583
2584
2585
2586
2587
2588
2589
2590
2591
2592
2593
2594
2595
2596
2597
2598
2630
2632
2737
2738
2739
2740
2741
2742
2743
2744
2746
2747
2748
2749
2750
2751
2752
2753
2754
2756
2760
2761
2762
2763
2764
2845
2846
2848
2849
2850
2851
2852
2853
2854
2855
2856
2857
2858
2859
2860
2861
2862
2863
2864
2867
2868
2869
2870
2871
2875
2877
2879
2880
2881
2946
2947
3005
3006
3076
3081
3082
3083
3441
3444
3445
3446
3447
3448
3449
3452
3462
3466
3467
3468
3469
3470
3471
3472
3473
3493
3970
3971
3972
3973
3974
3975
3976
4328
4545
4550
4552
4553
4619
4620
4621
4622
4623
4624
4625
4626
4627
4628
4629
4630
4631
4632
4634
4635
4636
4637
4640
4646
4647
4648
4649
4650
4651
4652
4653
4654
4655
4656
4657
4658
4659
4661
4662
4663
4693
4697
4726
4727
4728
4729
4730
4731
4732
4733
4734
4756
4757
4758
4770
4771
5012
5014
5015
5017
5018
5020
5021
5022
5023
5328
5329
5330
5352
5353
5354
5355
5356
5357
5358
5359
5360
5361
5362
5363
5364
5365
5366
5367
5368
5369
5370
5371
5372
5375
5376
5379
5380
5381
5382
5383
5384
5385
5392
5393
5394
5395
5396
5397
5398
5417
5437
5438
5439
5440
6285
6286
6287
6288
6289
6290
6291
6292
6293
6294
6295
6296
6297
6298
6299
6300
6301
6302
6303
6304
6305
6309
6359
6360
6361
6362
6370
6371
6374
6376
6382
6411
6412
6427
6428
6429
6430
6431
6432
6433
6434
6435
6436
6438
6439
6494
6495
6496
6497
6498
6499
6505
6506
6507
6508
6515
6520
6844
6845
6846
6847
6848
6849
6850
6851
6878
6879
6880
6881
6882
6883
6884
6887
6888
6889
6890
6899
6900
6901
6902
6903
6904
6905
6906
6907
6908
6909
6910
6911
7009
7010
7011
7012
7013
7014
7015
7016
7017
7018
7019
7020
7027
7028
7029
7030
7031
7032
7033
7034
7035
7036
7037
7038
7039
7040
7042
7043
7044
7065
7068
7428
7429
7430
7432
7433
7434
7435
7436
7437
7438
7439
7440
7441
7442
7443
7444
7445
7446
7447
7448
7449
7450
7451
7452
7453
7454
7455
7456
7457
7458
7459
7460
7461
7462
7463
7464
7465
7466
7467
7468
7469
7470
7471
7472
7473
7474
7475
7476
7477
7478
7479
7480
7481
7482
7483
7484
7485
7486
7487
7489
7490
7492
7493
7494
7495
7496
7499
7500
7501
7502
7505
7506
7507
7508
7509
7510
7511
7512
7513
7514
7515
7516
7517
7518
7519
7520
7521
7522
7523
7524
7525
7526
7527
7528
7529
7530
7531
7532
7533
7534
7535
7536
7537
7538
7539
7540
7541
7568
7569
7570
7571
7572
7573
7574
7575
7822
7823
7824
7825
7826
7827
7828
7829
7830
7831
7832
7833
7834
7836
7841
7842
7843
7844
7845
7846
8384
8388
8389
8390
8391
8392
8393
8394
8395
8396
8399
8400
8401
8402
8404
8413
8414
8415
8416
8417
8418
8419
8420
8421
8422
8423
8425
8427
8645
8929
8931
8952
8953
8954
9752
9753
9754
9757
9760
9761
9762
9763
9764
9969
9972
9973
9976
9977
9978
10270
10271
10272
10273
10274
10275
10343
10344
10348
10349
10350
10351
10352
10356
10357
10358
10359
10363
10364
10369
10386
10387
10388
10389
10395
10396
10401
10442
10443
10444
10445
10446
10447
10448
10449
10451
10962
11097
11098
11099
11107
11108
11109
11112
11129
11131
11132
11133
11134
11613
11615
11617
11619
11620
11621
11622
11623
11624
11646
11684
11685
11686
11687
11688
11689
11694
11702
11703
11704
11705
11706
11707
11708
11709
11710
11711
11715
11716
11717
11718
11719
11720
11721
11744
11746
11747
11748
11749
11978
