814
191
192
193
195
196
197
198
199
200
201
202
488
571
597
598
599
601
602
644
645
649
808
810
811
812
813
817
818
821
822
944
945
946
950
1594
1623
1629
1630
1634
1648
1649
1650
1651
1822
1880
1881
1882
1883
1884
1885
1916
1917
1919
1923
1935
1936
1937
1938
1946
1953
2017
2125
2201
2220
2226
2231
2292
2293
2294
2295
2299
2300
2301
2341
2344
2349
2350
2353
2366
2439
2441
2442
2489
2714
3217
3218
3219
3220
3221
3222
3223
3232
3242
3258
3259
3260
3279
3324
3572
3573
3574
3775
3777
3778
3871
3918
3922
3937
3944
3945
3946
3947
4007
4078
4079
4080
4081
4082
4139
4151
4154
4163
4165
4173
4174
4181
4182
4183
4184
4185
4218
4288
4412
4485
4940
4941
4942
4944
4945
5103
5104
5106
5107
5108
5109
5110
5457
5458
5460
5543
5546
5566
5571
5572
5573
5586
5705
5706
5707
5709
5713
5742
5969
5970
