2931
243
244
247
248
249
250
251
252
253
254
531
532
1173
1174
1175
1176
1177
1178
1179
1180
1182
1184
1185
1186
1187
1188
1189
1190
1191
1192
1209
1210
1212
1213
1214
1215
2620
2621
2622
2623
2624
2625
2626
2627
2628
2629
2631
2835
2836
2837
2838
2839
2840
2841
2842
2843
2844
2847
2928
2929
2930
2932
2933
2934
2936
2937
2938
2939
2940
2941
2942
2943
2944
2945
3969
5389
5390
5391
6375
6377
7424
7425
7426
7427
7542
7543
7544
7545
7546
7547
7548
7549
7550
7551
7552
7553
7554
7555
7556
7557
7558
7559
7561
7562
7565
8426
8428
8429
8430
8431
8432
8433
8921
8922
8923
8924
8925
8926
8927
8928
8930
8935
8937
8938
8939
9732
9733
9734
9735
9736
9737
9738
9739
9740
9741
9742
9743
9744
9745
9747
9748
9749
9750
9751
10450
11091
11092
11093
11094
11095
11096
11609
11610
12177
