180
181
768
846
847
848
904
911
1673
1674
1689
1691
1753
1754
1755
1756
1757
1758
1759
1760
1761
1762
1763
1765
1766
1819
1823
2020
2022
2058
2061
2173
2316
2361
2364
2365
2371
2434
2460
2500
2501
2502
3251
3254
3256
3257
3275
3310
3317
3318
3320
3564
3570
3602
3603
3728
3730
3805
3817
3931
4025
4040
4041
4042
4043
4300
4301
4307
4309
4474
4831
4832
4921
4922
4923
5577
5578
5579
5593
5628
5638
5639
5678
5679
5680
5688
5690
5691
5714
5720
5721
5722
5734
5760
5834
5835
5836
5837
5838
5839
5840
5841
5842
