693
469
470
471
472
473
474
475
476
477
478
480
687
689
692
694
695
696
697
708
709
710
711
712
713
714
715
716
717
719
720
721
723
724
725
726
727
728
729
730
731
732
733
734
740
743
1106
1497
1500
1501
1502
1503
1504
1505
1508
1510
1512
1515
1711
1712
1713
1714
1715
1912
1913
1914
2245
2246
2247
2248
2733
2734
2735
2736
2828
2832
2833
2834
3072
3073
3074
3660
3661
4221
4222
4223
4489
4490
4491
4492
4493
4501
4502
4503
4504
4698
4708
4709
4710
4711
4712
4713
4714
4716
4717
4724
4725
4818
4819
4821
6038
6039
6040
6041
6042
6043
6044
6048
6049
6659
6660
6663
6664
6665
6666
7583
7732
7736
7737
7738
7740
7741
7742
7743
7744
7745
7746
7747
7748
8150
8151
8152
8218
8219
8746
8750
8751
8752
8754
8755
9087
9632
9633
9634
9635
9636
9637
9638
9639
9640
9641
10452
10453
10456
10457
10458
10461
10462
10464
10465
10787
10788
10795
10798
11441
11442
11444
11445
11446
11447
11448
11449
11450
12037
12039
12042
12499
