10001
6272
6273
6274
6316
6317
6445
6446
6447
6448
6451
6462
6467
6468
6474
6482
6483
6484
6485
6525
6526
6527
6528
6529
6531
6532
6533
6534
6535
6536
6537
6855
6856
6857
6858
6863
6864
6926
6927
6973
6974
6976
6981
7050
7051
8665
8963
8964
8965
8966
8967
8970
8971
8999
9006
9007
9015
9017
9018
9021
9022
9023
9025
9026
9027
9028
9035
9036
9046
9054
9055
9058
9067
9489
9510
9524
9780
9787
9788
9789
9790
9791
9792
9793
9798
9799
9962
9996
9997
9998
9999
10000
10002
10003
10004
10005
10006
10009
10010
10284
10285
10286
10288
10290
10292
10293
10297
10298
10299
10300
10304
10306
10307
10308
10309
10310
10311
10312
10315
10316
10317
10318
10319
10320
10321
10322
10323
10324
10325
10373
10378
10379
10380
10413
10423
10424
10425
10426
10427
10428
10429
10430
10431
10432
11104
11105
11135
11136
11137
11138
11145
11146
11147
11148
11739
11753
11839
11920
11994
11999
12015
