161
162
163
259
260
261
262
263
264
265
266
267
268
269
270
271
272
276
277
278
491
492
518
519
520
523
524
525
526
979
980
1006
1013
1014
1015
1016
1017
1018
1019
1020
1024
1025
1026
1027
1028
1029
1030
1031
1032
1033
1034
1035
1201
1216
1221
1222
1223
1224
1225
1226
1227
1228
1229
1230
1231
1232
1321
1322
1360
1364
1365
1366
1367
1368
1380
1381
1382
1383
1384
1385
1386
1387
1388
1389
1390
1391
1392
1393
1394
1395
1398
1399
1400
1402
1403
1404
1405
1406
1407
1408
1409
1410
1411
1412
1413
1414
1415
1416
1417
1418
1419
1421
1422
1423
1424
1425
1426
1427
1428
1429
1430
1431
1432
1433
1434
1435
1436
1437
1438
1439
1440
1441
1442
1444
1445
1446
1450
1451
1452
1453
1454
1455
1456
1457
1458
1459
1460
1461
1462
1463
1475
1477
2250
2251
2252
2253
2254
2255
2256
2257
2260
2261
2262
2263
2264
2266
2267
2268
2269
2270
2271
2272
2273
2274
2275
2276
2277
2278
2279
2280
2281
2282
2283
2284
2285
2544
2545
2546
2547
2548
2558
2559
2560
2561
2562
2563
2564
2565
2566
2571
2599
2600
2601
2602
2603
2604
2605
2606
2610
2615
2616
2618
2675
2676
2677
2678
2679
2680
2681
2682
2745
2755
2757
2758
2759
2765
2766
2767
2865
2866
2872
2873
2874
2876
2878
2882
2883
2884
2885
2886
2887
2888
2948
2949
2950
2951
2952
2953
2954
2955
2956
2957
2958
2964
2965
2966
2967
2969
2970
2971
2972
2973
2974
2975
2976
2977
2978
2979
2980
2981
2982
2983
2984
2985
2986
2987
2988
2989
2990
2991
2992
2993
2994
2995
2996
2997
2998
2999
3000
3001
3002
3003
3004
3007
3008
3009
3010
3011
3012
3013
3014
3015
3016
3017
3018
3019
3020
3021
3022
3023
3024
3025
3026
3027
3028
3029
3030
3031
3032
3033
3034
3080
3085
3086
3087
3088
3109
3111
3114
3118
3119
3121
3122
3123
3124
3125
3126
3127
3128
3129
3131
3132
3133
3439
3440
3442
3443
3451
3453
3454
3455
3456
3457
3458
3459
3460
3461
3463
3464
3465
3474
3475
3476
3477
3478
3479
3480
3481
3487
3488
3489
3490
3491
3492
3494
3495
3496
3497
3498
3499
3500
3501
3502
3503
3504
3505
3506
3507
3508
3509
3510
3511
3513
3514
3522
3523
3525
3526
3527
3528
3529
3530
3533
3535
3536
3537
3538
3539
3540
3541
3542
3977
3978
3979
3980
3981
3982
3983
4329
4330
4331
4332
4333
4334
4335
4336
4337
4338
4339
4340
4341
4342
4343
4344
4345
4346
4347
4348
4349
4350
4351
4352
4353
4357
4359
4362
4363
4364
4365
4366
4367
4368
4369
4370
4371
4372
4543
4544
4546
4547
4548
4549
4551
4554
4555
4556
4557
4558
4559
4560
4561
4563
4564
4565
4566
4567
4568
4569
4570
4571
4572
4573
4574
4575
4576
4577
4578
4579
4580
4581
4582
4583
4584
4585
4586
4587
4588
4589
4590
4591
4592
4593
4594
4595
4597
4598
4599
4600
4601
4602
4612
4613
4614
4615
4633
4638
4639
4641
4642
4643
4644
4645
4660
4665
4671
4672
4673
4674
4675
4676
4677
4681
4683
4684
4685
4686
4687
4688
4689
4690
4691
4692
4694
4695
4696
4735
4736
4737
4738
4739
4740
4741
4750
4753
4754
4760
4761
4762
4763
4764
4765
4766
4767
4768
4769
4772
4773
4774
4775
4780
4781
4782
4783
4784
4785
4786
4788
4789
4790
4791
4792
4793
4795
4796
4797
4798
4799
4800
4803
4806
4807
4808
4809
4810
4811
4812
4813
4814
4815
4816
4817
4998
4999
5000
5001
5002
5003
5008
5009
5010
5011
5013
5016
5019
5290
5291
5292
5293
5294
5315
5317
5318
5319
5320
5321
5322
5325
5326
5327
5331
5332
5333
5334
5335
5336
5338
5339
5340
5341
5344
5373
5374
5377
5378
5399
5400
5401
5402
5403
5404
5405
5406
5407
5418
5419
5420
5421
5422
5423
5424
5429
5430
5431
5432
5433
5434
5436
