2390
164
165
166
167
296
297
669
671
672
673
674
675
676
1042
1043
1044
1045
1046
1047
1048
1049
1050
1051
1052
1053
1483
1840
1843
2287
2385
2386
2387
2388
2389
2391
2392
2393
2394
2395
2396
2397
2398
2399
2400
2557
2569
2570
2768
2769
2770
2771
2772
2773
2774
2775
2776
2777
2795
2796
2797
2798
2799
2806
2807
2812
2813
2815
2816
2817
2818
2819
2820
2821
2822
2823
2824
2825
2897
2898
2899
2901
2902
2903
2904
2905
2906
2907
2908
2909
2910
2911
2914
2915
2916
2917
3048
3049
3050
3051
3052
3097
3138
3139
3338
3339
3340
3341
3342
3343
3345
3346
3347
3348
3349
3350
3431
3432
3433
3434
3435
3436
3666
3667
3669
3900
3901
3902
3904
3987
3988
3989
3990
3991
3992
3993
3994
3995
3996
3997
3998
4058
4354
4355
4356
4358
4374
4379
4380
4381
4382
4385
4386
4387
4388
4389
4390
4391
4392
4393
4394
4395
4396
4397
4865
4871
4872
4873
4874
4875
4876
4877
4878
4879
4880
4881
4882
4883
4884
4889
4890
4891
4892
4893
4906
4907
4908
4909
5137
5142
5143
5284
5287
5288
5289
5295
5296
5297
5298
5299
5300
5301
5303
5304
5309
5310
5312
5348
5349
5350
5351
5425
5426
5427
5935
6313
6319
6320
6321
6322
6325
6326
6327
6328
6329
6336
6337
6340
6385
6386
6387
6388
6389
6392
6393
6395
6396
6397
6398
6399
6400
6401
6402
6415
6416
6667
6669
6670
6671
6672
6673
6674
6685
6693
6698
6725
6726
6727
6728
6731
6732
6733
6734
6735
6931
6932
6933
6934
6939
6941
6942
6943
6944
6945
6946
6947
6948
6949
6950
6951
6952
6953
6954
7110
7111
7112
7113
7114
7115
7233
7234
7235
7237
7238
7239
7240
7241
7242
7243
7244
7245
7258
7259
7260
7261
7262
7263
7264
7265
7266
7267
7268
7855
7856
7857
7858
7859
7860
7861
7862
7863
7865
7866
7867
7868
7869
7870
7871
7872
7873
7874
7875
7876
7877
7878
7879
7880
7881
7882
7883
7884
7885
7886
7887
7888
7889
7891
8620
8652
8654
8655
8656
8657
8658
8659
8660
8661
8662
8663
8664
8666
8667
8668
8669
8670
8671
8672
8673
8674
8675
8676
8677
8678
8679
8680
8681
8981
8982
8983
8984
8985
8986
8987
8988
8989
8990
8991
9098
9099
9100
9101
9102
9103
9105
9345
9346
9347
9350
9351
9352
9353
9354
9355
9356
9357
9358
9359
9360
9361
9362
9363
9364
9365
9366
9367
9368
9369
9370
9375
9376
9377
9378
9379
9381
9389
9390
9391
9392
9393
9397
9398
9399
9400
9401
9402
9403
9404
9405
9406
9407
9408
9409
9410
9411
9414
9415
9416
9417
9418
9419
9420
9523
9525
9526
9529
9530
9531
9532
9533
9534
9627
9628
9629
9630
9631
9805
9806
9807
9963
10011
10012
10013
10014
10123
10124
10125
10126
10127
10381
10382
10968
10969
10970
10971
10972
10973
11008
11009
11139
11140
11141
11142
11143
11144
11360
11367
11368
11369
11370
11371
11372
11373
11374
11375
11376
11377
11378
11379
11380
11381
11382
11383
11405
11406
11407
11408
11409
11410
11411
11412
11413
11414
11415
11416
11417
11418
11419
11420
11421
11422
11426
11427
11428
11429
11430
11435
11436
11437
11649
11651
11652
11653
11654
11655
11672
11673
11676
11801
11802
11803
11840
11841
11842
11843
11844
11845
11846
11847
11848
11849
11850
11851
11852
11853
11855
11856
11857
11860
11861
11863
11864
11867
11868
11995
12007
12008
12009
12010
12011
12012
12013
12014
12016
12017
12018
12019
12020
12185
12186
12187
12188
12190
12191
12192
12193
12194
12195
12196
12198
12246
12247
12249
12250
12251
12408
