284
285
288
289
290
291
292
293
294
295
1369
1370
1371
1376
1377
1378
1379
1443
1447
1448
1449
1464
1465
1466
1467
1468
1469
1470
1471
1472
1473
1474
1476
1478
2258
2259
2286
2549
2550
2551
2552
2553
2554
2555
2556
2607
2608
2609
2611
2612
2613
2614
2663
2664
2665
2666
2667
2668
2669
2670
2671
2672
2673
2674
2683
2684
2685
2686
2889
2890
2891
2892
2893
2894
2895
2896
2962
2968
3035
3036
3037
3038
3039
3040
3041
3042
3043
3044
3045
3046
3047
3089
3090
3091
3092
3093
3094
3095
3102
3103
3104
3105
3106
3107
3108
3110
3112
3113
3115
3116
3117
3120
3130
3134
3135
3136
3137
3202
3437
3438
3512
3515
3516
3517
3518
3519
3520
3524
3531
3532
3534
3543
3544
3984
3986
4562
4596
4603
4604
4605
4606
4608
4609
4610
4611
4743
4744
4746
4776
4777
4778
4779
4787
4794
4801
4802
4804
4805
5004
5005
5006
5007
5337
5342
5343
5345
5346
5428
