11989
161
162
163
259
260
261
262
263
264
265
266
267
268
269
270
271
272
276
277
278
491
492
518
519
520
523
524
525
526
979
980
1006
1013
1014
1015
1016
1017
1018
1019
1020
1024
1025
1026
1027
1028
1029
1030
1031
1032
1033
1034
1035
1201
1216
1221
1222
1223
1224
1225
1226
1227
1228
1229
1230
1231
1232
1321
1322
1360
1364
1365
1366
1367
1368
1380
1381
1382
1383
1384
1385
1386
1387
1388
1389
1390
1391
1392
1393
1394
1395
1398
1399
1400
1402
1403
1404
1405
1406
1407
1408
1409
1410
1411
1412
1413
1414
1415
1416
1417
1418
1419
1421
1422
1423
1424
1425
1426
1427
1428
1429
1430
1431
1432
1433
1434
1435
1436
1437
1438
1439
1440
1441
1442
1444
1445
1446
1450
1451
1452
1453
1454
1455
1456
1457
1458
1459
1460
1461
1462
1463
1475
1477
2250
2251
2252
2253
2254
2255
2256
2257
2260
2261
2262
2263
2264
2266
2267
2268
2269
2270
2271
2272
2273
2274
2275
2276
2277
2278
2279
2280
2281
2282
2283
2284
2285
2544
2545
2546
2547
2548
2558
2559
2560
2561
2562
2563
2564
2565
2566
2571
2599
2600
2601
2602
2603
2604
2605
2606
2610
2615
2616
2618
2675
2676
2677
2678
2679
2680
2681
2682
2745
2755
2757
2758
2759
2765
2766
2767
2865
2866
2872
2873
2874
2876
2878
2882
2883
2884
2885
2886
2887
2888
2948
2949
2950
2951
2952
2953
2954
2955
2956
2957
2958
2964
2965
2966
2967
2969
2970
2971
2972
2973
2974
2975
2976
2977
2978
2979
2980
2981
2982
2983
2984
2985
2986
2987
2988
2989
2990
2991
2992
2993
2994
2995
2996
2997
2998
2999
3000
3001
3002
3003
3004
3007
3008
3009
3010
3011
3012
3013
3014
3015
3016
3017
3018
3019
3020
3021
3022
3023
3024
3025
3026
3027
3028
3029
3030
3031
3032
3033
3034
3080
3085
3086
3087
3088
3109
3111
3114
3118
3119
3121
3122
3123
3124
3125
3126
3127
3128
3129
3131
3132
3133
3439
3440
3442
3443
3451
3453
3454
3455
3456
3457
3458
3459
3460
3461
3463
3464
3465
3474
3475
3476
3477
3478
3479
3480
3481
3487
3488
3489
3490
3491
3492
3494
3495
3496
3497
3498
3499
3500
3501
3502
3503
3504
3505
3506
3507
3508
3509
3510
3511
3513
3514
3522
3523
3525
3526
3527
3528
3529
3530
3533
3535
3536
3537
3538
3539
3540
3541
3542
3977
3978
3979
3980
3981
3982
3983
4329
4330
4331
4332
4333
4334
4335
4336
4337
4338
4339
4340
4341
4342
4343
4344
4345
4346
4347
4348
4349
4350
4351
4352
4353
4357
4359
4362
4363
4364
4365
4366
4367
4368
4369
4370
4371
4372
4543
4544
4546
4547
4548
4549
4551
4554
4555
4556
4557
4558
4559
4560
4561
4563
4564
4565
4566
4567
4568
4569
4570
4571
4572
4573
4574
4575
4576
4577
4578
4579
4580
4581
4582
4583
4584
4585
4586
4587
4588
4589
4590
4591
4592
4593
4594
4595
4597
4598
4599
4600
4601
4602
4612
4613
4614
4615
4633
4638
4639
4641
4642
4643
4644
4645
4660
4665
4671
4672
4673
4674
4675
4676
4677
4681
4683
4684
4685
4686
4687
4688
4689
4690
4691
4692
4694
4695
4696
4735
4736
4737
4738
4739
4740
4741
4750
4753
4754
4760
4761
4762
4763
4764
4765
4766
4767
4768
4769
4772
4773
4774
4775
4780
4781
4782
4783
4784
4785
4786
4788
4789
4790
4791
4792
4793
4795
4796
4797
4798
4799
4800
4803
4806
4807
4808
4809
4810
4811
4812
4813
4814
4815
4816
4817
4998
4999
5000
5001
5002
5003
5008
5009
5010
5011
5013
5016
5019
5290
5291
5292
5293
5294
5315
5317
5318
5319
5320
5321
5322
5325
5326
5327
5331
5332
5333
5334
5335
5336
5338
5339
5340
5341
5344
5373
5374
5377
5378
5399
5400
5401
5402
5403
5404
5405
5406
5407
5418
5419
5420
5421
5422
5423
5424
5429
5430
5431
5432
5433
5434
5436
6275
6276
6277
6278
6279
6280
6281
6282
6283
6284
6306
6307
6310
6312
6314
6315
6318
6323
6363
6364
6365
6366
6367
6368
6369
6372
6373
6378
6379
6380
6381
6383
6384
6403
6404
6405
6406
6407
6408
6409
6410
6413
6414
6437
6440
6441
6442
6443
6444
6449
6450
6452
6453
6454
6455
6456
6457
6458
6459
6460
6461
6463
6464
6465
6466
6469
6470
6471
6472
6473
6475
6476
6477
6478
6486
6487
6488
6489
6490
6491
6492
6493
6500
6501
6502
6503
6504
6509
6510
6514
6517
6518
6519
6521
6523
6524
6530
6538
6539
6540
6541
6542
6543
6544
6545
6546
6547
6548
6549
6550
6551
6552
6852
6853
6854
6859
6860
6861
6862
6865
6866
6867
6868
6869
6870
6871
6872
6873
6874
6875
6876
6885
6886
6891
6892
6893
6894
6895
6896
6898
6912
6913
6914
6915
6916
6917
6918
6919
6920
6921
6922
6923
6924
6925
6928
6929
6975
6977
6978
6979
6980
6982
6983
6984
6985
6986
6988
6989
6990
6991
6992
6993
6994
6995
6996
6997
6998
6999
7000
7001
7002
7003
7004
7005
7006
7008
7021
7022
7023
7024
7025
7026
7045
7046
7047
7048
7049
7052
7053
7054
7055
7056
7057
7058
7059
7060
7061
7062
7063
7064
7066
7067
7069
7070
7071
7072
7074
7075
7076
7077
7078
7079
7080
7081
7082
7083
7084
7431
7488
7497
7498
7503
7504
7835
7837
7838
7839
7840
7848
7849
7850
7851
7852
7853
8379
8380
8381
8382
8383
8385
8386
8387
8397
8398
8403
8405
8406
8407
8408
8411
8643
8644
8646
8647
8648
8649
8650
8651
8653
8941
8942
8943
8944
8945
8946
8947
8948
8949
8950
8951
8955
8956
8957
8958
8959
8960
8961
8962
8968
8969
8972
8975
8976
8977
8978
8979
8980
8994
8995
8996
8997
8998
9000
9001
9002
9003
9004
9005
9008
9009
9010
9011
9012
9013
9014
9016
9019
9020
9024
9029
9030
9031
9032
9033
9034
9037
9038
9039
9040
9041
9042
9043
9044
9045
9047
9048
9049
9050
9051
9052
9053
9056
9057
9059
9060
9061
9062
9063
9064
9065
9066
9068
9069
9070
9071
9072
9073
9074
9075
9076
9077
9078
9483
9484
9485
9487
9488
9490
9491
9492
9493
9494
9495
9496
9497
9498
9499
9500
9501
9502
9503
9504
9505
9511
9512
9513
9514
9515
9516
9517
9518
9519
9520
9521
9522
9755
9756
9758
9759
9765
9766
9767
9768
9769
9770
9771
9772
9773
9774
9775
9776
9777
9778
9779
9781
9782
9783
9784
9785
9786
9794
9795
9797
9800
9964
9965
9966
9967
9968
9970
9971
9974
9975
9981
9982
9983
9984
9985
9986
9987
9988
9989
9990
9991
9992
9993
9994
9995
10015
10016
10017
10018
10019
10020
10021
10022
10023
10024
10025
10026
10027
10028
10029
10030
10031
10277
10278
10279
10280
10281
10282
10283
10287
10289
10291
10294
10295
10296
10301
10302
10303
10305
10313
10314
10326
10327
10328
10329
10330
10331
10332
10333
10334
10335
10336
10337
10338
10339
10340
10341
10342
10345
10346
10353
10354
10355
10360
10361
10362
10365
10366
10367
10368
10371
10372
10374
10375
10376
10377
10384
10391
10397
10399
10400
10403
10404
10405
10406
10407
10408
10409
10410
10411
10412
10414
10415
10416
10417
10418
10419
10420
10421
10422
10433
10434
10435
10436
10438
10439
10440
10963
10964
10965
10966
10967
10974
11100
11101
11102
11103
11106
11110
11111
11113
11114
11115
11116
11117
11118
11119
11120
11121
11122
11123
11124
11125
11126
11127
11128
11618
11625
11626
11627
11628
11629
11630
11631
11632
11633
11634
11635
11636
11637
11638
11639
11640
11641
11642
11643
11644
11647
11690
11691
11692
11693
11695
11696
11697
11698
11699
11700
11701
11712
11713
11714
11722
11723
11724
11725
11726
11727
11728
11729
11730
11731
11732
11733
11734
11735
11736
11737
11738
11740
11741
11742
11743
11745
11750
11751
11752
11758
11759
11760
11761
11762
11763
11764
11765
11766
11767
11768
11769
11770
11771
11772
11773
11774
11926
11927
11928
11929
11930
11931
11932
11933
11934
11935
11936
11937
11938
11939
11940
11941
11942
11943
11944
11945
11946
11947
11948
11949
11950
11951
11952
11953
11954
11955
11956
11957
11958
11959
11960
11961
11962
11963
11964
11965
11966
11967
11968
11969
11970
11971
11972
11973
11974
11975
11976
11977
11979
11980
11981
11982
11983
11984
11985
11986
11987
11988
11990
11991
11992
11993
11996
11997
12178
12179
12180
12181
12182
12183
12184
