1080
176
591
603
809
1060
1061
1066
1067
1070
1071
1072
1073
1075
1076
1077
1078
1079
1083
1084
1085
1086
1087
2084
2085
2087
2088
2089
2090
2099
2106
2107
2111
2112
2233
2239
2243
2403
3172
3173
3174
3175
3176
3187
3555
3556
3557
3558
4027
4028
4029
4069
4135
4136
4137
4138
4142
4171
4317
4326
4431
4432
4434
4435
4436
4437
4866
5114
5115
5481
5482
5483
5818
5819
5948
5949
5950
5951
5952
5953
5957
5958
5959
5960
5961
5962
5963
5964
5965
5966
6153
6154
6354
6582
7148
7150
8000
8002
8003
8004
8005
9396
9462
9542
9543
9544
9624
9657
9841
9842
9852
9879
10128
10130
10131
10174
10175
10176
10177
10549
10550
10595
10596
10702
10703
10704
10705
10706
10708
10709
10728
10829
10832
10835
10934
10935
10937
10940
10994
11000
11001
11159
11160
11161
11162
11166
11167
11334
11335
11338
11462
11466
11467
11468
11469
11470
11665
11670
11804
11805
11896
11900
11902
11910
11911
11912
11913
12139
12206
12208
12209
12210
12211
12212
12213
12447
12489
