450.56 1
450.9241 0
451.2882 5
451.6523 0
452.0164 2
452.3805 1
452.7446 0
453.1087 0
453.4728 0
453.8369 1
454.201 1
454.56510000000003 0
454.9292 5
455.2933 5
455.6574 5
456.0215 7
456.3856 14
456.7497 5
457.1138 15
457.47790000000003 14
457.842 15
458.2061 20
458.5702 27
458.9343 32
459.2984 35
459.6625 32
460.02660000000003 30
460.39070000000004 36
460.7548 46
461.1189 52
461.483 58
461.8471 65
462.2112 56
462.5753 72
462.93940000000003 76
463.3035 91
463.6676 88
464.0317 85
464.3958 115
464.7599 109
465.124 117
465.48810000000003 145
465.85220000000004 145
466.2163 160
466.5804 148
466.9445 148
467.3086 184
467.6727 165
468.0368 136
468.40090000000004 171
468.765 179
469.1291 184
469.4932 183
469.8573 211
470.2214 183
470.5855 195
470.94960000000003 199
471.31370000000004 210
471.6778 199
472.0419 164
472.406 182
472.7701 175
473.1342 171
473.49830000000003 145
473.86240000000004 144
474.22650000000004 123
474.5906 112
474.9547 93
475.3188 95
475.6829 79
476.047 60
476.41110000000003 64
476.77520000000004 53
477.13930000000005 42
477.5034 29
477.8675 23
478.2316 23
478.5957 28
478.95980000000003 23
479.32390000000004 7
479.68800000000005 18
480.0521 11
480.4162 7
480.7803 10
481.1444 4
481.5085 6
481.87260000000003 3
482.23670000000004 3
482.60080000000005 2
482.96490000000006 1
483.329 0
483.6931 2
484.0572 2
484.42130000000003 3
484.78540000000004 1
485.14950000000005 0
485.5136 0
485.8777 0
486.2418 1
486.6059 1
