3.2651281356811523 0.0 1.0 0.0
4.265128135681152 3.7319949615102296e-08 0.11379167274858022 59.208
5.265128135681152 6.878626348982998e-12 0.09890319232626027 90.752
6.265128135681152 7.383868475653622e-07 0.07083473958764766 95.368
7.265128135681152 2.3413025805982432e-06 0.061182964078302884 96.112
8.265128135681152 3.7184019514995786e-07 0.05998413201609396 97.384
9.265128135681152 1.2944429217218253e-07 0.05491538910958405 97.192
10.265128135681152 1.1869241633176137e-40 0.12556965152767252 99.688
11.265128135681152 7.665783795896483e-13 0.06896969167969136 99.888
12.265128135681152 0.7480412878538762 0.002873107220898394 99.72
13.265128135681152 0.7748712604645052 0.0025581418898430745 99.928
14.265128135681152 1.0 0.0 99.928
15.265128135681152 1.0 0.0 100.0
16.265128135681152 1.0 0.0 100.0
17.265128135681152 1.0 0.0 100.0
