443.19 1
443.6409 1
444.0918 0
444.5427 0
444.9936 0
445.4445 0
445.8954 1
446.3463 2
446.7972 3
447.2481 2
447.699 1
448.1499 2
448.6008 4
449.0517 3
449.5026 2
449.9535 3
450.4044 0
450.8553 6
451.3062 5
451.7571 7
452.20799999999997 5
452.6589 7
453.1098 9
453.5607 10
454.0116 11
454.4625 15
454.91339999999997 16
455.3643 11
455.8152 22
456.2661 18
456.717 19
457.1679 19
457.61879999999996 32
458.0697 37
458.5206 42
458.9715 45
459.4224 52
459.8733 57
460.32419999999996 43
460.7751 62
461.226 69
461.6769 77
462.1278 92
462.57869999999997 91
463.02959999999996 97
463.4805 118
463.9314 97
464.3823 113
464.8332 152
465.28409999999997 132
465.735 170
466.1859 159
466.6368 163
467.0877 185
467.5386 167
467.98949999999996 235
468.44039999999995 194
468.8913 215
469.3422 189
469.7931 215
470.24399999999997 202
470.69489999999996 214
471.1458 217
471.5967 203
472.0476 177
472.4985 187
472.94939999999997 159
473.40029999999996 192
473.8512 162
474.3021 128
474.753 132
475.2039 98
475.65479999999997 91
476.10569999999996 85
476.5566 74
477.0075 47
477.4584 51
477.9093 37
478.36019999999996 34
478.81109999999995 23
479.262 15
479.7129 12
480.1638 16
480.61469999999997 11
481.06559999999996 8
481.51649999999995 4
481.9674 5
482.4183 2
482.8692 2
483.32009999999997 3
483.77099999999996 3
484.2219 3
484.6728 3
485.1237 0
485.5746 0
486.02549999999997 1
486.47639999999996 0
486.92729999999995 0
487.3782 0
487.8291 1
