7424
7703
7706
7929
7933
7934
7935
7936
8104
8105
8106
8107
8108
8109
8116
8117
8118
8119
8120
8121
8122
8123
8135
8138
8154
8155
8158
8160
8162
8164
8181
8183
8217
8218
8226
8230
8233
8234
8235
8238
8245
8562
8563
8592
8593
8594
8643
8644
8645
10225
10228
10229
10238
10242
10269
10270
10273
10292
10307
10321
10327
10335
10347
10354
10362
10381
10868
10869
10871
10872
10873
10877
10879
10880
10881
10883
10884
10886
10887
10888
10892
10895
10897
10898
10899
10900
10902
10903
10905
10906
10907
10908
10909
10910
10911
10912
10913
10914
10917
10918
10919
10920
10921
10922
10923
10924
10925
10926
10927
10928
10930
10933
10934
10935
10936
10937
10938
10939
10940
10941
10942
10943
10945
10946
10947
10948
10949
10950
10951
10952
11018
11019
11023
11028
11654
11655
11656
11657
11658
11659
11660
11661
11662
11663
11664
11665
11666
11667
11668
11669
11670
11671
11672
11673
11674
11675
11676
11677
11678
11679
11680
11681
11682
11683
11684
11685
11686
11687
11688
11689
11690
11691
11692
11693
11694
11695
11696
11697
11698
11699
11700
11701
11702
11703
11704
11705
11706
11707
11708
11709
11710
11711
11712
11713
11714
11765
11766
11767
11768
11769
11770
11771
11772
11773
11774
11775
11776
11777
11778
11779
11780
11781
11782
11783
11784
11785
11786
11787
11788
11789
11790
11791
11792
11793
11794
11795
11796
11797
11798
11799
11800
11801
11802
11803
11804
11805
11806
11807
11808
11809
11810
11811
11812
11813
11814
11815
11816
11817
11818
11819
11820
11949
11950
11951
11952
11953
11954
12166
12167
