174
146
147
148
149
150
151
152
153
154
155
156
157
158
159
160
161
162
163
164
165
166
167
168
169
170
171
172
173
175
176
177
178
179
180
181
240
241
242
243
244
245
246
247
248
249
250
251
252
253
254
255
256
257
258
259
260
261
262
263
264
265
266
267
2610
2620
2621
2622
2623
2624
2633
2634
2637
2641
2643
2644
2649
2656
2660
2662
2663
2668
2673
2676
2678
2682
2690
2701
2702
2706
3442
3443
3444
3445
3447
3448
3449
3450
3451
3452
3453
3454
3455
3456
3495
3496
3502
3505
3512
3516
3517
5201
5202
5203
5204
5768
5804
5805
5806
5807
5808
5809
5810
5811
5812
5813
5814
5815
5816
5817
5818
5819
6092
6095
6097
6098
6110
6136
6152
6161
