297.96 4
298.68109999999996 3
299.4022 4
300.1233 12
300.8444 5
301.5655 10
302.28659999999996 16
303.0077 17
303.7288 27
304.44989999999996 21
305.171 34
305.89209999999997 46
306.6132 35
307.3343 35
308.05539999999996 57
308.7765 64
309.4976 74
310.21869999999996 75
310.9398 82
311.66089999999997 81
312.382 83
313.1031 122
313.82419999999996 102
314.5453 118
315.2664 110
315.98749999999995 125
316.7086 131
317.42969999999997 158
318.1508 144
318.8719 187
319.59299999999996 166
320.3141 191
321.0352 177
321.7563 193
322.4774 208
323.19849999999997 209
323.9196 203
324.6407 201
325.3618 188
326.0829 196
326.804 174
327.5251 165
328.2462 174
328.96729999999997 160
329.6884 139
330.4095 139
331.13059999999996 134
331.8517 131
332.5728 90
333.2939 120
334.015 95
334.73609999999996 97
335.4572 75
336.1783 82
336.8994 62
337.6205 46
338.34159999999997 44
339.0627 54
339.7838 46
340.5049 25
341.226 32
341.9471 38
342.6682 18
343.3893 18
344.11039999999997 17
344.8315 15
345.5526 7
346.27369999999996 11
346.9948 14
347.7159 5
348.437 6
349.1581 10
349.87919999999997 4
350.6003 1
351.3214 3
352.0425 3
352.7636 3
353.4847 3
354.2058 3
354.9269 0
355.648 3
356.3691 3
357.0902 0
357.8113 1
358.5324 0
359.2535 2
359.9746 0
360.6957 0
361.41679999999997 0
362.1379 0
362.859 0
363.5801 0
364.3012 1
365.0223 1
365.7434 0
366.4645 0
367.1856 1
367.9067 0
368.6278 0
369.3489 1
