305.25 2
305.8645 5
306.479 8
307.0935 8
307.708 9
308.3225 17
308.937 35
309.5515 29
310.166 66
310.7805 53
311.395 57
312.0095 89
312.624 102
313.2385 114
313.853 128
314.4675 128
315.082 157
315.6965 173
316.311 178
316.9255 173
317.54 174
318.1545 185
318.769 169
319.3835 190
319.998 182
320.6125 164
321.227 170
321.8415 208
322.456 170
323.0705 166
323.685 157
324.2995 153
324.914 195
325.5285 153
326.143 155
326.7575 159
327.372 151
327.9865 149
328.601 144
329.2155 126
329.83 145
330.4445 110
331.05899999999997 129
331.6735 127
332.288 105
332.9025 90
333.517 87
334.1315 73
334.746 81
335.3605 63
335.975 53
336.5895 49
337.204 44
337.8185 49
338.433 26
339.0475 27
339.662 25
340.2765 27
340.891 22
341.5055 13
342.12 12
342.7345 15
343.349 13
343.9635 8
344.578 7
345.1925 5
345.807 5
346.4215 1
347.036 3
347.65049999999997 4
348.265 3
348.8795 6
349.49399999999997 4
350.1085 6
350.723 2
351.3375 4
351.952 0
352.5665 1
353.181 3
353.7955 3
354.40999999999997 1
355.0245 0
355.639 1
356.2535 1
356.868 0
357.4825 1
358.097 0
358.7115 1
359.326 0
359.9405 2
360.555 0
361.16949999999997 0
361.784 0
362.3985 0
363.013 0
363.6275 0
364.24199999999996 1
364.8565 0
365.471 0
366.0855 1
