1.0000007660096344 4.760640777413051e-18 0.08665614601288178 6.568
2.0000007660096344 1.8301337956196815e-55 0.14593204942212004 11.488
3.0000007660096344 8.93212911963225e-91 0.18651556549697074 12.576
4.000000766009634 3.3909151190853965e-102 0.19848115521650522 13.184
5.000000766009634 8.820395208960226e-241 0.3033129821359897 20.024
6.000000766009634 0.0 0.35390337981834197 36.08
7.000000766009634 0.0 0.4879717753148505 54.6
8.000000766009634 0.0 0.4743058490361417 71.808
9.000000766009634 0.0 0.46910014424594354 81.784
10.000000766009634 0.0 0.4858811898242287 90.928
11.000000766009634 0.0 0.5042472258482171 96.568
12.000000766009634 0.0 0.3544307958992639 98.856
13.000000766009634 0.0 0.34909214907978836 97.872
14.000000766009634 2.281206674992375e-276 0.3217311281250793 99.576
15.000000766009634 1.1012299649325146e-70 0.16307237258817178 99.432
16.000000766009634 2.918772695577659e-15 0.07524401586555822 99.464
17.000000766009634 2.036992614797777e-73 0.16364705302661875 99.912
18.000000766009634 4.337025334449646e-78 0.1673209701997546 100.0
19.000000766009634 1.0 0.0 99.064
20.000000766009634 1.0 0.0 100.0
21.000000766009634 1.0 0.0 100.0
22.000000766009634 1.0 0.0 100.0
23.000000766009634 1.0 0.0 100.0
