1832
1839
1854
1863
1883
1892
3243
3269
3279
4893
4905
4918
4922
6072
6076
6081
6083
6085
6086
6087
6098
6103
7962
7964
7967
7968
7969
8062
8064
8073
8077
8933
8939
9838
9847
9855
9864
9867
9878
9888
9895
9905
9908
9927
9929
9935
9941
9947
9948
9954
9960
9963
9973
9974
9981
9989
9992
9996
10014
10019
10033
10035
10039
10057
10068
10081
10082
10086
10088
10089
10092
10101
10103
10105
10107
10116
10129
10133
10135
10146
10150
10158
11769
11779
11783
11795
11802
11806
11830
11834
11836
11837
11839
11851
11865
11871
11883
11905
11911
11918
12154
