6444
6445
6446
6447
6448
6449
6450
6451
6452
6453
6454
6455
6456
6457
6458
6459
6460
6461
6462
6463
6464
6465
6466
6467
6468
6469
6470
6471
6472
6473
6474
6475
6476
6477
6478
6479
6480
6481
6482
6483
6484
6485
6486
6487
6488
6489
6490
6491
6492
6493
6494
6495
6496
6497
6498
6499
6500
6501
6502
6503
6504
6505
6506
6507
6508
6509
6510
6511
6512
6513
6514
6515
6516
6517
6518
6519
6520
6521
6522
6523
6524
6525
6526
6527
6528
6529
6530
6531
6532
6533
6534
6535
6536
6537
6538
6539
6540
6541
6815
6816
6817
6818
6819
6820
6821
6822
6823
6824
6825
6826
6827
6828
6829
6830
6831
6832
6833
6834
6835
6836
6837
6838
6839
6840
6841
6842
6843
6844
6845
6846
6847
6848
6849
6850
6851
6852
6853
6854
6855
6856
6857
6858
6859
6860
6861
6862
6863
6864
6865
6866
6867
6868
6869
6870
6871
6872
6873
6874
6875
6876
6877
6878
6879
6880
6881
6882
6883
6901
6902
6903
6904
6905
6906
6907
6908
6909
6910
6911
6912
6913
6914
6915
6916
6917
6918
6919
6920
6921
6922
6923
6924
6925
6926
6927
6928
6929
6930
6931
6932
6933
6934
6935
6936
6937
6938
6939
6940
6941
6942
6943
6944
6945
6946
6947
6948
6949
6950
6951
6952
6953
6954
6955
6956
6957
6958
6959
6960
6961
6962
6963
6964
6965
6966
6967
6968
6969
6970
6971
6972
6973
6974
6975
6976
6977
6978
6979
6980
6981
6982
6983
6984
6985
6986
6987
6988
6989
6990
6991
6992
6993
6994
6995
6996
6997
6998
6999
7000
7001
7002
7003
7004
7005
7006
7007
7008
7009
7010
7011
7012
7013
7014
7015
7016
7017
7018
7019
7020
7021
7022
7023
7024
7025
7026
7027
7028
7029
7030
7031
7032
7033
7034
7035
7036
7037
7038
7039
7040
7041
7042
7043
7044
7045
7950
7951
7952
7953
7954
7955
7956
7957
7958
7959
7960
7961
7963
7965
7966
7970
7971
7972
7973
7974
8048
8049
8050
8051
8052
8053
8054
8055
8056
8057
8058
8059
8060
8061
8063
8065
8066
8067
8068
8069
8070
8071
8072
8074
8075
8076
8078
8079
8080
8081
8082
8083
8084
8085
8086
8087
8088
8089
8090
8091
8722
8723
8724
8725
8726
8727
8728
8729
8730
8731
8732
8733
8734
8735
8736
8737
8738
8739
8740
8741
8742
8743
8744
8745
8746
8747
8748
8749
8750
8751
8752
8753
8754
8755
8756
8757
8758
8759
8760
8761
8762
8763
8764
8765
8766
8767
8768
8769
8770
8771
8772
8773
8774
8775
8776
8777
8778
8779
8780
8781
8782
8783
8784
8785
8786
8787
8788
8789
8790
8791
8792
8793
8794
8795
8796
8797
8798
8799
8800
8801
8802
8803
8804
8805
8806
8807
8808
8809
8810
8811
8812
8813
8814
8815
8816
8817
8818
8819
8820
8821
8822
8823
8824
8825
8826
8827
8828
8829
8830
8831
8832
8833
8834
8835
8836
8837
8838
8839
8840
8841
8842
8843
8844
8845
8846
8847
8848
8849
8850
8851
8852
8853
8854
8855
8856
8857
8858
8859
8926
8927
8928
8929
8930
8931
8932
8934
8935
8936
8937
8938
8940
8941
8942
8943
8944
8945
8946
9830
9831
9832
9833
9834
9835
9836
9837
9839
9840
9841
9842
9843
9844
9845
9846
9848
9849
9850
9851
9852
9853
9854
9856
9857
9858
9859
9860
9861
9862
9863
9865
9866
9868
9869
9870
9871
9872
9873
9874
9875
9876
9877
9879
9880
9881
9882
9883
9884
9885
9886
9887
9889
9890
9891
9892
9893
9894
9896
9897
9898
9899
9900
9901
9902
9903
9904
9906
9907
9909
9910
9911
9912
9913
9914
9915
9916
9917
9918
9919
9920
9921
9922
9923
9924
9925
9926
9928
9930
9931
9932
9933
9934
9936
9937
9938
9939
9940
9942
9943
9944
9945
9946
9949
9950
9951
9952
9953
9955
9956
9957
9958
9959
9961
9962
9964
9965
9966
9967
9968
9969
9970
9971
9972
9975
9976
9977
9978
9979
9980
9982
9983
9984
9985
9986
9987
9988
9990
9991
9993
9994
9995
9997
9998
9999
10000
10001
10002
10003
10004
10005
10006
10007
10008
10009
10010
10011
10012
10013
10015
10016
10017
10018
10020
10021
10022
10023
10024
10025
10026
10027
10028
10029
10030
10031
10032
10034
10036
10037
10038
10040
10041
10042
10043
10044
10045
10046
10047
10048
10049
10050
10051
10052
10053
10054
10055
10056
10058
10059
10060
10061
10062
10063
10064
10065
10066
10067
10069
10070
10071
10072
10073
10074
10075
10076
10077
10078
10079
10080
10083
10084
10085
10087
10090
10091
10093
10094
10095
10096
10097
10098
10099
10100
10102
10104
10106
10108
10109
10110
10111
10112
10113
10114
10115
10117
10118
10119
10120
10121
10122
10123
10124
10125
10126
10127
10128
10130
10131
10132
10134
10136
10137
10138
10139
10140
10141
10142
10143
10144
10145
10147
10148
10149
10151
10152
10153
10154
10155
10156
10157
10159
10160
10161
10162
10163
10164
10165
10166
10167
10168
10169
10170
10171
10172
10173
10174
10175
10176
10177
10178
10179
10180
10181
10182
10183
10184
10185
10186
10187
10188
10189
10190
10191
10192
10193
10194
10195
10196
10197
10198
10199
10200
10201
10202
10203
10204
10205
10206
10207
10208
10209
10210
10211
10212
10213
10214
10215
10216
10217
10218
10219
11250
11251
11252
11253
11254
11255
11256
11257
11258
11259
11260
11261
11262
11263
11264
11265
11266
11267
11268
11269
11270
11271
11272
11273
11274
11275
11276
11277
11278
11279
11280
11281
11282
11283
11284
11285
11286
11287
11288
11289
11290
11291
11292
11293
11294
11295
11296
11323
11324
11325
11326
11327
11328
11329
11330
11331
11332
11333
11334
11335
11336
11337
11338
11339
11340
11341
11342
11343
11344
11345
11346
11347
11348
11349
11350
11351
11352
11353
11354
11355
11356
11357
11358
11359
11360
11361
11362
11363
11364
11365
11366
11367
11368
11369
11370
11371
11372
11373
11374
11375
11376
11377
11761
11762
11763
11764
11765
11766
11767
11768
11770
11771
11772
11773
11774
11775
11776
11777
11778
11780
11781
11782
11784
11785
11786
11787
11788
11789
11790
11791
11792
11793
11794
11796
11797
11798
11799
11800
11801
11803
11804
11805
11807
11808
11809
11810
11811
11812
11813
11814
11815
11816
11817
11818
11819
11820
11821
11822
11823
11824
11825
11826
11827
11828
11829
11831
11832
11833
11835
11838
11840
11841
11842
11843
11844
11845
11846
11847
11848
11849
11850
11852
11853
11854
11855
11856
11857
11858
11859
11860
11861
11862
11863
11864
11866
11867
11868
11869
11870
11872
11873
11874
11875
11876
11877
11878
11879
11880
11881
11882
11884
11885
11886
11887
11888
11889
11890
11891
11892
11893
11894
11895
11896
11897
11898
11899
11900
11901
11902
11903
11904
11906
11907
11908
11909
11910
11912
11913
11914
11915
11916
11917
11919
11920
11921
11922
11923
11924
11925
11926
11927
11928
11929
11930
11931
11932
11933
11934
11935
11936
11937
11938
11939
11940
11941
11942
11943
12131
12132
12133
12134
12135
12136
12137
12138
12139
12140
12141
12142
12143
12144
12145
12146
12147
12148
12149
12150
12151
12152
12153
12155
12156
12157
12158
12159
12160
12161
12162
12163
12164
12165
12166
12167
12168
