509.09 2
509.40479999999997 3
509.71959999999996 11
510.0344 14
510.3492 29
510.664 10
510.9788 27
511.29359999999997 33
511.60839999999996 44
511.9232 55
512.2379999999999 61
512.5527999999999 66
512.8676 80
513.1824 74
513.4972 76
513.812 86
514.1268 87
514.4416 82
514.7564 109
515.0712 79
515.386 68
515.7008 71
516.0156 73
516.3303999999999 74
516.6452 51
516.96 91
517.2748 91
517.5896 98
517.9044 80
518.2192 84
518.534 91
518.8488 119
519.1636 105
519.4784 100
519.7932 122
520.108 132
520.4228 112
520.7376 100
521.0524 110
521.3672 109
521.682 109
521.9968 119
522.3116 115
522.6264 96
522.9412 98
523.256 88
523.5708 96
523.8856000000001 92
524.2004000000001 71
524.5152 85
524.83 82
525.1448 95
525.4596 89
525.7744 89
526.0892 79
526.404 88
526.7188 80
527.0336 77
527.3484 78
527.6632 90
527.9780000000001 103
528.2928 108
528.6076 104
528.9224 108
529.2372 96
529.552 113
529.8668 143
530.1816 121
530.4964 128
530.8112 137
531.126 120
531.4408000000001 96
531.7556000000001 62
532.0704000000001 72
532.3852 37
532.7 30
533.0148 33
533.3296 19
533.6444 26
533.9592 22
534.274 7
534.5888 4
534.9036 2
535.2184000000001 7
535.5332000000001 3
535.8480000000001 2
536.1628000000001 1
536.4776 6
536.7924 3
537.1072 0
537.422 0
537.7368 0
538.0516 1
538.3664 4
538.6812 0
538.9960000000001 0
539.3108000000001 0
539.6256000000001 0
539.9404000000001 0
540.2552000000001 1
