1.0 1.2886733575570182e-59 0.1605691058936108 96.312
2.0 3.0880123240803386e-75 0.16926746447614333 98.848
3.0 3.4650597446028726e-20 0.08828615692547537 98.984
4.0 3.8920915581475834e-16 0.0773847541856571 99.328
5.0 3.1317896885523383e-16 0.07761206202579382 99.992
6.0 4.607463840657814e-17 0.0775796561150396 100.0
7.0 8.510005131017565e-46 0.12885816806532752 100.0
8.0 2.1116660776741943e-05 0.03803770176456849 100.0
9.0 1.0 0.0 98.96
10.0 1.0 0.0 99.128
11.0 1.0 0.0 99.984
12.0 1.0 0.0 100.0
13.0 1.0 0.0 100.0
