509.33 4
509.6233 3
509.91659999999996 8
510.2099 12
510.5032 23
510.7965 25
511.08979999999997 39
511.38309999999996 38
511.6764 60
511.9697 46
512.263 61
512.5563 72
512.8496 75
513.1428999999999 71
513.4362 69
513.7295 88
514.0228 86
514.3161 57
514.6093999999999 71
514.9027 66
515.196 69
515.4893 71
515.7826 81
516.0758999999999 61
516.3692 58
516.6625 65
516.9558 69
517.2491 83
517.5423999999999 78
517.8357 64
518.129 76
518.4223 97
518.7156 78
519.0088999999999 92
519.3022 78
519.5955 84
519.8888 94
520.1821 75
520.4753999999999 105
520.7687 83
521.062 83
521.3552999999999 77
521.6486 95
521.9419 70
522.2352 61
522.5285 72
522.8217999999999 75
523.1151 94
523.4084 84
523.7017 60
523.995 72
524.2882999999999 74
524.5816 65
524.8749 63
525.1682 63
525.4615 59
525.7547999999999 80
526.0481 84
526.3414 57
526.6347 64
526.928 57
527.2212999999999 68
527.5146 67
527.8079 91
528.1012 82
528.3945 82
528.6877999999999 96
528.9811 73
529.2744 96
529.5677 124
529.861 114
530.1542999999999 121
530.4476 144
530.7409 135
531.0341999999999 139
531.3275 144
531.6207999999999 101
531.9141 53
532.2074 62
532.5006999999999 42
532.794 34
533.0872999999999 32
533.3806 28
533.6739 12
533.9671999999999 11
534.2605 14
534.5538 10
534.8471 7
535.1404 2
535.4336999999999 7
535.727 4
536.0203 6
536.3136 0
536.6069 1
536.9001999999999 3
537.1935 2
537.4868 0
537.7801 2
538.0734 2
538.3666999999999 1
