9
16
27
31
32
44
86
87
125
153
165
236
243
251
268
269
273
279
287
306
342
345
370
380
390
392
424
425
477
522
609
611
637
638
643
645
647
657
695
746
773
812
855
861
877
878
938
952
985
986
989
1002
1032
1034
1037
1067
1083
1120
1136
1168
1175
1178
1192
1193
1194
1196
1205
1242
1247
1260
1291
1321
1332
1357
1358
1368
1407
1428
1429
1460
1497
1498
1499
1503
1508
1525
1580
1603
1661
1662
1667
1672
1687
1702
1712
1737
1771
1773
1821
1822
1823
1824
1828
1840
1875
1891
1899
1903
1905
1972
1975
1976
2015
2035
2036
2048
2080
2094
2101
2109
2111
2121
2122
2126
2135
2157
2202
2216
2222
2230
2234
2250
2289
2334
2361
2405
2412
2415
2416
2417
2423
2435
2456
2465
2468
2471
2485
2494
2547
2549
2556
2557
2600
2643
2644
2689
2709
2712
2723
2724
2741
2755
2776
2808
2813
2815
2827
2829
2830
2857
2917
2988
2992
2993
2994
3027
3034
3063
3076
3077
3192
3219
3258
3277
3280
3293
3326
3327
3342
3345
3376
3378
3382
3388
3404
3405
3428
3442
3443
3447
3482
3483
3484
3517
3519
3521
3523
3524
3525
3528
3529
3558
3563
3575
3604
3625
3630
3634
3666
3669
3702
3704
3705
3707
3708
3723
3724
3752
3801
3823
3824
3856
3857
3870
3877
3884
3892
3935
3937
3950
3953
3966
3969
3970
3981
3986
4010
4036
4037
4063
4080
4081
4111
4112
4140
4147
4163
4183
4184
4185
4191
4202
4204
4214
4230
4245
4266
4267
4283
4292
4302
4304
4313
4314
4328
4329
4330
4341
4396
4412
4427
4431
4477
4512
4514
4515
4521
4547
4559
4604
4605
4607
4618
4619
4654
4707
4708
4716
4722
4727
4729
4730
4782
4807
4808
4809
4810
4813
4858
4872
4875
4903
4904
4907
4908
4921
4960
4961
4976
4977
4989
4994
4999
5002
5048
5063
5064
5088
5090
5091
5102
5114
5153
5175
5179
5197
5199
5206
5217
5218
5229
5246
5247
5252
5275
5291
5298
5324
5328
5334
5364
5371
5375
5447
5459
5506
5510
5530
5544
5545
5546
5594
5595
5601
5605
5614
5616
5642
5645
5660
5663
5672
5675
5720
5730
5784
5787
5802
5805
5844
5854
5859
5877
5898
5908
5911
5925
5946
5978
5982
5999
6009
6010
6042
6043
6044
6075
6094
6128
6140
6142
6146
6208
6209
6218
6227
6234
6239
6251
6252
6269
6270
6298
6320
6321
6335
6378
6455
6482
6502
6509
6524
6562
6564
6630
6632
6639
6646
6653
6655
6667
6699
6709
