9289
6734
6735
6763
6788
6794
6800
6803
6816
6837
6857
6858
6865
6880
6909
6929
6931
6932
6956
6970
6981
7001
7002
7003
7004
7005
7021
7024
7030
7048
7066
7067
7077
7079
7080
7081
7090
7104
7114
7115
7116
7120
7143
7156
7157
7166
7170
7173
7176
7189
7196
7201
7210
7228
7229
7246
7283
7285
7286
7290
7293
7295
7305
7321
7331
7336
7339
7345
7356
7357
7366
7370
7395
7399
7404
7407
7410
7414
7415
7420
7426
7433
7455
7456
7483
7495
7497
7498
7499
7507
7508
7523
7525
7526
7531
7539
7540
7542
7549
7551
7552
7553
7554
7555
7559
7563
7564
7576
7643
7650
7675
7687
7690
7692
7693
7700
7710
7719
7747
7748
7749
7760
7761
7767
7768
7775
7792
7808
7809
7810
7825
7841
7846
7856
7858
7895
7913
7916
7918
7924
7940
7941
7954
7958
7961
7963
7966
7970
7985
8017
8033
8042
8043
8045
8046
8051
8062
8064
8065
8072
8091
8103
8115
8116
8118
8120
8124
8130
8133
8134
8149
8157
8158
8160
8161
8162
8167
8168
8175
8181
8182
8189
8201
8203
8204
8213
8214
8215
8216
8218
8237
8239
8240
8246
8253
8257
8271
8272
8275
8279
8281
8284
8286
8287
8289
8291
8299
8308
8309
8310
8311
8312
8332
8340
8345
8346
8361
8362
8364
8366
8394
8420
8422
8440
8448
8457
8459
8460
8472
8482
8483
8484
8485
8492
8494
8502
8511
8515
8516
8517
8534
8536
8537
8538
8551
8571
8580
8593
8600
8601
8602
8603
8614
8632
8638
8657
8659
8662
8668
8675
8676
8677
8702
8715
8716
8721
8727
8736
8738
8739
8750
8769
8770
8778
8781
8782
8784
8785
8786
8788
8790
8791
8792
8793
8794
8798
8802
8803
8804
8811
8837
8857
8867
8868
8874
8882
8884
8892
8893
8894
8901
8926
8937
8939
8940
8941
8946
8986
9000
9001
9008
9010
9011
9034
9047
9056
9072
9073
9082
9084
9085
9087
9103
9104
9114
9143
9145
9146
9149
9159
9160
9168
9169
9174
9178
9182
9185
9195
9196
9209
9213
9265
9266
9267
9268
9269
9270
9271
9288
9299
9300
9330
9337
9353
9361
9362
9363
9364
9365
9366
9367
9386
9387
9390
9391
9407
9408
9409
9415
9432
9433
9450
9457
9458
9460
9465
9499
9500
9510
9511
9525
9528
9531
9554
9566
9567
9599
9606
9618
9619
9620
9624
9669
9672
9674
9675
9684
9701
9702
9704
9705
9709
9710
9711
9712
9713
9715
9716
9717
9718
9731
9732
9752
9761
9767
9768
9775
9776
9779
9782
9784
9787
9800
9801
9810
9812
9850
9851
9878
9883
9891
9903
9906
9940
9941
9956
9984
9989
9990
9992
9998
10004
10005
10007
10017
10018
10029
10030
10038
10042
10053
10054
10059
10062
10067
10068
10069
10089
10092
10100
10106
10108
10115
10122
10143
10145
10146
10163
10170
10171
10179
10193
10202
10206
10207
10214
10220
10223
10239
10240
10258
10259
10264
10265
10266
10274
10283
10284
10285
10289
10290
10292
10300
10323
10329
10330
10331
10351
10365
10393
10397
10399
10407
10414
10416
10448
10458
10466
10477
10478
10485
10499
10512
10522
10532
10538
10541
10553
10561
10563
10566
10569
10570
10581
10583
10584
10585
10602
10609
10620
10628
10629
10650
10654
10655
10696
10697
10700
10711
10727
10729
10734
10735
10737
10758
10765
10776
10786
10801
10815
10816
10825
10826
10839
10846
10853
10855
10863
10869
10870
10872
10873
10882
10896
10924
10939
10947
10948
10967
10970
10987
11000
11022
11042
11069
11071
11076
11091
11102
11108
11109
11110
11122
11123
11124
11126
11142
11150
11197
11201
11214
11216
11219
11245
11249
11251
11255
11271
11297
11303
11317
11318
11324
11325
11326
11327
11341
11348
11350
11354
11362
11366
11369
11380
11381
11390
11391
11416
11421
11426
11474
11475
11479
11483
11484
11491
11492
11500
11506
11507
11508
11509
11511
11515
11527
11528
11546
11552
11553
11554
11555
11557
11558
11571
11584
11585
11586
11587
11590
11592
11605
11606
11615
11626
11636
11644
11646
11647
11649
11661
11677
11686
11689
11697
11700
11708
11709
11724
11730
11731
11732
11736
11742
11764
11771
11772
11773
11775
11785
11789
11791
11808
11812
11813
11814
11815
11816
11817
11825
11826
11827
11828
11842
11867
11873
11878
11886
11891
11892
11899
11906
11907
11912
11916
11932
11965
11978
11981
11988
11989
11996
12002
12004
12019
12032
12034
12039
12044
12045
12057
12059
12065
12079
12097
12100
12105
12111
12114
12115
12116
12124
12125
12127
12133
12138
12142
12145
12146
12157
12172
12193
12194
12198
12200
12222
12227
12230
12234
12250
12252
12270
12271
12274
12279
12280
12292
12293
12301
12303
12305
12321
12335
12350
12351
12383
12396
12401
12402
12410
12411
12417
12418
12423
12425
12437
12461
12469
12470
12476
12486
12492
12498
