6724
6725
6726
6727
6728
6729
6731
6732
6733
6736
6737
6738
6739
6740
6741
6743
6744
6745
6746
6747
6748
6749
6750
6751
6752
6753
6754
6755
6756
6757
6758
6759
6760
6761
6762
6764
6765
6766
6767
6768
6769
6770
6771
6772
6773
6774
6776
6777
6780
6781
6782
6784
6785
6786
6787
6789
6790
6791
6792
6793
6795
6796
6797
6798
6799
6801
6802
6804
6805
6806
6807
6808
6809
6810
6811
6812
6813
6814
6815
6817
6818
6819
6820
6821
6822
6823
6824
6825
6826
6827
6828
6829
6830
6831
6832
6833
6834
6835
6836
6838
6839
6841
6842
6843
6845
6846
6847
6848
6849
6850
6851
6852
6853
6854
6855
6859
6860
6861
6862
6863
6864
6866
6867
6868
6869
6870
6871
6872
6873
6874
6875
6876
6877
6878
6879
6881
6883
6884
6885
6886
6887
6888
6889
6890
6892
6893
6894
6895
6896
6897
6898
6899
6900
6901
6902
6903
6904
6906
6907
6908
6910
6911
6912
6913
6914
6915
6916
6917
6918
6919
6920
6922
6924
6925
6926
6927
6928
6930
6933
6934
6935
6937
6939
6940
6941
6942
6943
6944
6945
6949
6950
6951
6952
6953
6954
6955
6957
6958
6959
6960
6961
6963
6964
6965
6966
6967
6968
6969
6971
6973
6974
6975
6976
6977
6978
6979
6980
6982
6983
6984
6985
6986
6987
6989
6990
6991
6992
6993
6994
6995
6996
6997
6998
6999
7000
7007
7008
7009
7010
7011
7012
7013
7014
7015
7016
7017
7018
7019
7020
7022
7023
7025
7026
7027
7028
7029
7031
7032
7033
7034
7035
7036
7037
7038
7039
7040
7041
7042
7043
7044
7045
7046
7050
7051
7052
7053
7054
7055
7056
7058
7059
7060
7061
7062
7063
7064
7065
7068
7069
7071
7072
7073
7074
7075
7076
7078
7082
7084
7085
7086
7087
7088
7089
7091
7092
7093
7094
7095
7096
7097
7098
7099
7100
7101
7102
7103
7105
7106
7107
7108
7109
7110
7111
7112
7113
7117
7118
7119
7121
7122
7123
7124
7126
7127
7128
7129
7130
7131
7132
7134
7135
7136
7137
7138
7139
7140
7141
7142
7144
7145
7146
7147
7148
7149
7151
7152
7153
7154
7155
7158
7159
7160
7164
7165
7167
7171
7172
7174
7175
7177
7178
7179
7180
7181
7182
7184
7185
7186
7187
7188
7190
7191
7192
7193
7194
7197
7198
7199
7200
7202
7203
7204
7205
7206
7207
7208
7209
7211
7212
7213
7214
7215
7216
7217
7218
7219
7220
7221
7222
7223
7224
7225
7226
7227
7230
7231
7232
7233
7234
7235
7236
7237
7239
7240
7241
7243
7245
7247
7248
7249
7250
7251
7252
7254
7255
7257
7258
7259
7260
7261
7262
7263
7264
7265
7266
7267
7268
7269
7270
7271
7272
7273
7274
7275
7276
7277
7278
7279
7280
7281
7282
7284
7287
7288
7289
7291
7292
7294
7296
7297
7298
7299
7300
7301
7302
7306
7308
7309
7311
7312
7313
7314
7315
7316
7317
7318
7319
7320
7322
7323
7324
7325
7326
7327
7328
7329
7330
7332
7333
7335
7337
7338
7340
7341
7342
7343
7344
7346
7349
7350
7351
7352
7353
7354
7355
7358
7359
7360
7361
7362
7363
7364
7365
7368
7369
7371
7372
7373
7374
7376
7377
7378
7380
7381
7383
7384
7385
7386
7387
7388
7389
7390
7391
7392
7393
7394
7396
7397
7398
7400
7401
7402
7403
7405
7406
7408
7411
7412
7413
7416
7417
7419
7421
7422
7423
7424
7425
7427
7428
7429
7430
7431
7432
7434
7435
7436
7437
7438
7439
7440
7441
7442
7443
7444
7445
7446
7447
7448
7449
7450
7451
7452
7453
7454
7457
7458
7459
7460
7461
7462
7463
7464
7465
7466
7469
7470
7471
7472
7473
7474
7475
7476
7477
7478
7479
7480
7481
7482
7484
7485
7486
7487
7488
7489
7490
7491
7492
7493
7494
7496
7500
7501
7502
7503
7504
7505
7506
7509
7510
7511
7513
7514
7515
7516
7517
7518
7519
7520
7521
7522
7527
7528
7529
7530
7532
7533
7534
7535
7536
7538
7541
7543
7544
7546
7547
7548
7550
7556
7557
7558
7560
7561
7562
7565
7566
7567
7568
7569
7570
7571
7572
7573
7574
7575
7577
7578
7579
7580
7581
7582
7583
7584
7586
7588
7589
7590
7591
7592
7593
7594
7595
7597
7598
7600
7601
7602
7603
7604
7605
7606
7607
7608
7609
7610
7611
7612
7614
7615
7616
7617
7618
7619
7620
7621
7622
7623
7624
7625
7626
7627
7628
7629
7630
7632
7633
7634
7635
7636
7637
7638
7639
7640
7641
7642
7644
7645
7646
7648
7649
7651
7652
7653
7654
7655
7656
7657
7658
7659
7660
7661
7662
7663
7664
7665
7666
7667
7668
7669
7670
7671
7672
7673
7674
7676
7677
7678
7679
7680
7681
7682
7683
7685
7686
7688
7689
7694
7695
7696
7697
7698
7699
7701
7702
7703
7704
7705
7706
7707
7708
7709
7711
7712
7713
7714
7715
7716
7717
7718
7720
7721
7722
7723
7724
7725
7730
7731
7732
7734
7735
7736
7737
7738
7739
7740
7741
7742
7743
7744
7745
7746
7750
7751
7752
7753
7754
7755
7756
7757
7758
7759
7762
7763
7764
7766
7769
7770
7771
7772
7773
7774
7776
7777
7778
7780
7781
7782
7784
7785
7786
7787
7789
7790
7791
7793
7794
7795
7796
7797
7798
7800
7801
7802
7803
7805
7806
7807
7813
7814
7815
7816
7817
7818
7819
7820
7821
7822
7823
7824
7826
7827
7828
7829
7830
7831
7832
7833
7834
7835
7836
7837
7838
7839
7840
7844
7845
7847
7848
7849
7850
7852
7853
7854
7855
7857
7859
7860
7861
7862
7865
7866
7867
7869
7870
7871
7874
7875
7876
7877
7878
7879
7880
7881
7882
7883
7885
7886
7887
7888
7889
7890
7891
7892
7893
7894
7896
7897
7898
7900
7901
7902
7903
7904
7905
7906
7907
7908
7909
7912
7914
7915
7917
7919
7920
7921
7922
7925
7926
7927
7928
7929
7930
7931
7932
7933
7934
7935
7937
7939
7942
7943
7944
7945
7946
7947
7948
7949
7950
7951
7952
7953
7955
7956
7957
7959
7960
7962
7964
7965
7967
7968
7969
7971
7972
7974
7975
7976
7977
7978
7979
7980
7981
7982
7983
7986
7987
7988
7989
7990
7991
7992
7993
7994
7995
7996
7997
7998
7999
8001
8002
8003
8004
8005
8006
8007
8008
8009
8010
8011
8012
8013
8014
8015
8018
8019
8020
8021
8022
8023
8024
8025
8026
8027
8028
8029
8030
8031
8032
8034
8035
8036
8037
8038
8039
8040
8044
8047
8048
8049
8052
8053
8054
8055
8056
8057
8058
8059
8060
8061
8063
8066
8067
8068
8069
8071
8073
8074
8075
8076
8077
8078
8079
8080
8081
8082
8083
8084
8085
8086
8087
8088
8089
8090
8092
8093
8094
8095
8096
8097
8098
8099
8100
8101
8102
8104
8105
8107
8108
8109
8111
8112
8113
8114
8117
8119
8121
8122
8123
8125
8126
8128
8129
8131
8132
8135
8136
8137
8139
8140
8141
8142
8143
8144
8145
8147
8148
8150
8151
8152
8153
8154
8155
8156
8159
8163
8164
8165
8166
8169
8170
8171
8173
8174
8176
8177
8178
8179
8180
8183
8184
8185
8186
8187
8188
8192
8193
8194
8195
8196
8199
8200
8202
8207
8208
8210
8211
8212
8217
8221
8222
8223
8225
8226
8228
8229
8230
8231
8232
8233
8235
8236
8238
8241
8242
8243
8244
8245
8247
8248
8249
8250
8251
8252
8254
8255
8256
8258
8259
8260
8261
8262
8263
8264
8265
8266
8268
8270
8273
8274
8276
8278
8280
8282
8283
8285
8288
8290
8292
8293
8295
8296
8297
8298
8300
8301
8302
8303
8304
8305
8306
8307
8313
8314
8315
8317
8318
8319
8320
8321
8322
8324
8325
8326
8327
8328
8329
8330
8331
8333
8334
8335
8336
8337
8338
8339
8341
8342
8344
8347
8348
8349
8350
8351
8352
8354
8356
8357
8358
8363
8365
8367
8369
8371
8372
8373
8374
8375
8376
8377
8378
8379
8380
8381
8383
8385
8386
8387
8389
8390
8391
8392
8393
8395
8396
8397
8399
8400
8401
8402
8403
8404
8405
8406
8407
8408
8409
8410
8412
8413
8414
8415
8416
8417
8418
8419
8421
8423
8424
8425
8426
8427
8428
8429
8430
8431
8432
8433
8435
8436
8437
8438
8439
8441
8442
8443
8444
8445
8446
8447
8449
8450
8451
8452
8453
8454
8455
8458
8461
8462
8463
8464
8466
8467
8469
8470
8471
8473
8474
8475
8477
8478
8479
8480
8481
8486
8487
8488
8489
8490
8491
8493
8495
8496
8497
8498
8499
8500
8501
8505
8506
8507
8508
8509
8510
8512
8513
8514
8518
8519
8520
8521
8522
8523
8524
8525
8527
8528
8529
8530
8531
8532
8533
8535
8539
8540
8541
8542
8543
8544
8545
8546
8547
8548
8549
8550
8552
8553
8554
8555
8556
8557
8558
8559
8560
8561
8562
8563
8564
8565
8566
8567
8568
8569
8570
8572
8573
8574
8575
8577
8578
8579
8581
8582
8583
8584
8585
8586
8587
8588
8589
8592
8595
8596
8597
8598
8599
8604
8605
8606
8607
8608
8609
8610
8611
8612
8613
8615
8616
8617
8618
8619
8620
8621
8622
8623
8624
8625
8626
8627
8628
8629
8630
8631
8633
8634
8636
8637
8639
8640
8641
8643
8644
8645
8646
8647
8648
8649
8650
8652
8653
8654
8655
8656
8658
8660
8661
8663
8664
8665
8666
8667
8669
8670
8671
8672
8673
8674
8678
8679
8680
8681
8683
8685
8686
8687
8688
8689
8690
8692
8693
8694
8695
8696
8697
8698
8699
8700
8701
8703
8704
8706
8707
8708
8709
8710
8711
8712
8713
8714
8717
8718
8719
8720
8722
8723
8724
8725
8726
8729
8730
8731
8732
8733
8734
8735
8737
8740
8741
8742
8743
8744
8745
8746
8747
8748
8749
8751
8752
8753
8754
8755
8756
8757
8758
8759
8760
8761
8762
8763
8764
8767
8768
8771
8772
8773
8774
8775
8776
8777
8779
8780
8783
8787
8789
8795
8796
8797
8801
8805
8806
8807
8808
8809
8810
8812
8813
8814
8815
8816
8817
8819
8820
8821
8822
8823
8824
8825
8826
8827
8828
8829
8830
8831
8832
8833
8834
8835
8836
8838
8839
8840
8841
8843
8844
8845
8847
8848
8849
8850
8851
8852
8853
8854
8855
8856
8858
8859
8861
8862
8863
8864
8865
8866
8869
8870
8871
8872
8873
8875
8876
8877
8878
8880
8881
8883
8885
8886
8887
8888
8889
8890
8891
8895
8896
8897
8898
8899
8900
8902
8903
8904
8905
8907
8908
8909
8910
8911
8912
8913
8914
8915
8916
8917
8918
8919
8920
8922
8923
8924
8925
8927
8928
8929
8930
8931
8932
8933
8934
8935
8936
8938
8942
8943
8944
8945
8947
8948
8949
8950
8951
8952
8953
8954
8955
8956
8957
8958
8959
8960
8961
8962
8963
8964
8965
8966
8967
8968
8969
8970
8971
8972
8973
8976
8977
8980
8981
8982
8983
8984
8985
8987
8988
8989
8990
8991
8992
8993
8995
8996
8997
8998
8999
9002
9005
9006
9007
9009
9012
9013
9014
9015
9016
9017
9018
9019
9020
9021
9022
9023
9024
9025
9026
9027
9028
9029
9030
9031
9032
9033
9035
9036
9037
9038
9039
9040
9041
9042
9043
9045
9046
9048
9050
9051
9052
9053
9054
9055
9058
9059
9060
9061
9062
9063
9064
9065
9066
9067
9068
9069
9070
9074
9075
9076
9077
9078
9079
9080
9081
9083
9086
9088
9089
9090
9091
9092
9093
9094
9095
9096
9097
9098
9099
9100
9101
9102
9105
9106
9107
9108
9109
9110
9111
9112
9113
9115
9116
9117
9118
9119
9120
9121
9122
9123
9124
9125
9126
9127
9128
9129
9130
9132
9133
9134
9135
9136
9137
9138
9139
9141
9142
9144
9147
9148
9151
9152
9153
9154
9155
9156
9157
9158
9161
9162
9163
9164
9165
9166
9167
9170
9171
9172
9173
9175
9176
9177
9179
9180
9181
9183
9184
9186
9187
9188
9190
9191
9192
9193
9198
9199
9200
9201
9202
9203
9204
9205
9206
9207
9208
9212
9214
9215
9216
9217
9218
9219
9220
9221
9222
9223
9224
9225
9226
9227
9228
9229
9230
9231
9233
9234
9236
9237
9238
9239
9240
9241
9242
9243
9244
9245
9246
9247
9248
9249
9250
9251
9252
9254
9255
9256
9257
9258
9259
9260
9261
9262
9263
9264
9272
9273
9274
9275
9276
9277
9278
9279
9280
9281
9282
9283
9284
9285
9286
9287
9290
9291
9292
9293
9294
9295
9296
9297
9298
9301
9302
9303
9304
9305
9306
9307
9308
9309
9310
9311
9312
9313
9314
9315
9316
9317
9318
9319
9320
9321
9324
9325
9326
9327
9328
9329
9331
9332
9333
9334
9336
9338
9339
9340
9341
9342
9343
9344
9345
9346
9347
9348
9349
9350
9351
9352
9354
9355
9356
9357
9358
9359
9360
9368
9369
9370
9372
9373
9374
9375
9376
9377
9378
9379
9380
9381
9382
9383
9384
9385
9388
9389
9392
9393
9394
9395
9396
9397
9398
9399
9400
9401
9402
9403
9404
9405
9406
9410
9411
9412
9413
9414
9416
9417
9418
9419
9420
9421
9422
9423
9424
9425
9426
9427
9428
9429
9430
9431
9434
9435
9436
9437
9438
9439
9440
9442
9443
9444
9445
9446
9447
9448
9449
9451
9452
9453
9454
9455
9456
9459
9461
9462
9463
9464
9466
9467
9468
9469
9470
9471
9472
9473
9474
9475
9476
9477
9478
9479
9481
9482
9483
9484
9485
9486
9487
9488
9489
9490
9491
9492
9493
9494
9495
9497
9498
9501
9502
9503
9504
9505
9506
9507
9508
9509
9512
9515
9516
9517
9518
9519
9520
9521
9522
9523
9524
9526
9527
9529
9530
9532
9533
9534
9535
9536
9537
9538
9539
9540
9541
9542
9543
9545
9546
9547
9548
9549
9550
9551
9552
9553
9555
9556
9557
9558
9559
9560
9561
9562
9563
9564
9565
9568
9569
9570
9571
9572
9573
9574
9575
9578
9579
9581
9582
9583
9584
9586
9588
9589
9590
9591
9592
9593
9594
9596
9597
9598
9600
9601
9602
9603
9604
9605
9607
9608
9609
9610
9611
9614
9616
9617
9623
9625
9626
9627
9628
9629
9630
9632
9633
9634
9635
9636
9637
9638
9639
9640
9641
9642
9643
9644
9645
9646
9647
9648
9649
9650
9651
9652
9653
9654
9655
9656
9657
9658
9659
9660
9661
9662
9663
9664
9665
9666
9667
9668
9670
9671
9673
9676
9677
9678
9679
9680
9681
9682
9686
9687
9688
9689
9690
9693
9694
9695
9696
9697
9698
9699
9700
9703
9706
9707
9708
9714
9720
9721
9722
9723
9724
9726
9728
9729
9730
9733
9734
9735
9736
9737
9739
9740
9741
9742
9743
9744
9745
9746
9747
9749
9750
9751
9753
9754
9755
9756
9757
9758
9759
9760
9762
9763
9769
9770
9771
9772
9773
9774
9777
9778
9780
9781
9783
9785
9786
9788
9789
9790
9792
9793
9794
9796
9797
9798
9799
9802
9803
9804
9805
9806
9807
9808
9809
9811
9813
9814
9815
9816
9817
9818
9819
9820
9821
9822
9823
9824
9825
9826
9827
9829
9831
9833
9834
9835
9836
9837
9838
9839
9840
9841
9842
9843
9845
9847
9848
9852
9853
9854
9855
9856
9857
9859
9860
9861
9862
9863
9864
9865
9866
9867
9868
9869
9870
9871
9872
9873
9874
9875
9876
9877
9879
9880
9881
9882
9884
9885
9888
9889
9890
9892
9893
9894
9895
9896
9897
9898
9899
9900
9902
9904
9905
9907
9908
9909
9910
9911
9912
9913
9914
9915
9916
9917
9918
9919
9920
9921
9922
9923
9924
9925
9926
9927
9928
9929
9930
9931
9932
9933
9936
9937
9938
9939
9942
9943
9944
9945
9946
9947
9948
9949
9950
9951
9952
9953
9954
9955
9957
9958
9960
9963
9965
9967
9968
9970
9971
9973
9974
9975
9976
9977
9978
9979
9980
9981
9982
9985
9986
9987
9988
9991
9993
9994
9995
9996
9997
9999
10000
10001
10002
10003
10006
10008
10009
10010
10011
10012
10013
10016
10019
10020
10021
10022
10023
10024
10025
10027
10028
10031
10032
10033
10034
10035
10036
10037
10039
10041
10043
10044
10045
10046
10047
10048
10049
10050
10051
10052
10055
10056
10057
10058
10061
10063
10064
10065
10066
10070
10071
10072
10073
10074
10075
10076
10077
10078
10079
10080
10081
10082
10083
10084
10085
10086
10087
10088
10090
10091
10094
10095
10096
10097
10099
10101
10102
10103
10104
10105
10107
10110
10111
10112
10113
10114
10116
10117
10118
10119
10120
10121
10123
10125
10126
10127
10128
10129
10130
10131
10132
10133
10134
10136
10137
10138
10139
10141
10144
10147
10150
10151
10152
10153
10154
10155
10156
10157
10158
10159
10160
10161
10162
10164
10165
10166
10167
10168
10169
10172
10173
10174
10176
10177
10178
10180
10181
10182
10183
10184
10185
10186
10187
10189
10190
10191
10192
10194
10195
10196
10197
10199
10200
10201
10203
10204
10208
10209
10210
10211
10212
10213
10215
10216
10217
10218
10219
10221
10222
10224
10225
10226
10227
10228
10229
10230
10232
10233
10234
10235
10236
10237
10238
10241
10242
10243
10244
10245
10248
10249
10250
10251
10252
10253
10254
10255
10256
10257
10261
10262
10263
10267
10268
10269
10270
10271
10272
10273
10275
10277
10278
10279
10280
10281
10282
10286
10287
10288
10291
10293
10294
10297
10298
10299
10301
10302
10303
10304
10305
10306
10307
10308
10309
10310
10311
10312
10313
10314
10315
10316
10317
10318
10319
10320
10321
10322
10324
10325
10326
10327
10328
10332
10333
10334
10335
10336
10337
10338
10339
10340
10341
10342
10343
10344
10345
10347
10348
10349
10350
10352
10354
10355
10356
10357
10358
10359
10360
10361
10362
10363
10364
10369
10370
10371
10372
10373
10374
10375
10376
10377
10378
10380
10381
10382
10383
10384
10385
10386
10387
10388
10389
10390
10391
10392
10394
10395
10396
10398
10400
10401
10402
10403
10404
10405
10406
10408
10409
10410
10411
10412
10413
10415
10417
10418
10419
10420
10421
10422
10423
10424
10425
10427
10428
10429
10430
10431
10432
10433
10434
10435
10436
10437
10438
10440
10441
10442
10443
10444
10445
10446
10447
10449
10450
10451
10452
10453
10455
10456
10457
10459
10460
10461
10462
10463
10464
10465
10467
10471
10472
10473
10474
10475
10476
10479
10480
10481
10482
10483
10484
10486
10487
10488
10490
10491
10492
10494
10496
10497
10498
10500
10501
10502
10503
10504
10506
10507
10508
10509
10510
10511
10513
10514
10515
10516
10517
10518
10519
10520
10523
10524
10525
10526
10527
10528
10529
10530
10531
10533
10534
10535
10536
10537
10539
10540
10542
10543
10544
10545
10546
10547
10548
10549
10551
10552
10554
10555
10556
10557
10558
10559
10560
10562
10564
10565
10568
10571
10572
10573
10574
10575
10576
10577
10578
10579
10580
10582
10586
10587
10588
10589
10590
10591
10593
10594
10595
10596
10597
10598
10599
10600
10601
10603
10604
10606
10607
10608
10610
10611
10612
10613
10614
10615
10616
10617
10618
10619
10621
10622
10623
10624
10625
10626
10627
10630
10631
10632
10633
10634
10635
10636
10637
10638
10639
10640
10641
10642
10643
10644
10645
10646
10647
10648
10649
10651
10652
10653
10656
10657
10659
10660
10661
10662
10663
10665
10667
10669
10670
10671
10672
10673
10674
10675
10676
10677
10678
10679
10680
10681
10682
10683
10684
10685
10686
10687
10690
10691
10692
10693
10694
10699
10701
10703
10704
10705
10706
10707
10708
10709
10710
10712
10713
10714
10715
10716
10717
10718
10719
10720
10721
10722
10723
10724
10725
10726
10728
10730
10731
10732
10733
10736
10738
10739
10740
10742
10743
10744
10745
10746
10747
10748
10749
10750
10752
10753
10754
10755
10756
10757
10761
10762
10763
10764
10767
10768
10769
10770
10771
10772
10773
10774
10775
10777
10778
10779
10780
10781
10782
10783
10784
10785
10787
10788
10789
10790
10792
10793
10794
10795
10796
10797
10798
10799
10800
10802
10803
10804
10805
10806
10807
10808
10809
10810
10811
10812
10813
10817
10818
10819
10820
10821
10822
10824
10827
10828
10829
10830
10831
10832
10833
10834
10835
10836
10837
10838
10840
10841
10842
10843
10844
10845
10847
10848
10849
10850
10852
10854
10856
10857
10859
10861
10862
10864
10865
10866
10867
10871
10874
10875
10876
10877
10878
10879
10880
10881
10883
10884
10885
10886
10888
10889
10890
10891
10892
10893
10894
10895
10897
10898
10899
10900
10901
10902
10903
10904
10905
10906
10907
10908
10909
10910
10912
10913
10914
10915
10916
10917
10918
10919
10920
10921
10922
10923
10925
10926
10927
10928
10929
10930
10931
10932
10933
10934
10935
10936
10937
10938
10940
10941
10942
10943
10944
10945
10946
10950
10951
10952
10953
10954
10955
10956
10957
10958
10959
10960
10961
10962
10963
10965
10968
10971
10972
10973
10974
10975
10976
10977
10978
10979
10981
10982
10983
10984
10985
10986
10988
10989
10990
10991
10992
10993
10996
10997
10998
10999
11001
11002
11003
11004
11005
11006
11007
11008
11009
11010
11011
11012
11013
11014
11015
11016
11017
11018
11019
11020
11021
11023
11024
11025
11026
11027
11028
11029
11030
11031
11032
11033
11034
11035
11036
11037
11038
11039
11040
11041
11043
11044
11045
11046
11047
11048
11049
11050
11051
11052
11053
11054
11056
11057
11058
11059
11061
11062
11065
11066
11067
11068
11070
11072
11073
11074
11075
11077
11078
11079
11080
11081
11082
11083
11084
11085
11086
11087
11088
11089
11090
11092
11093
11094
11095
11096
11097
11098
11099
11100
11101
11103
11104
11105
11106
11107
11111
11112
11113
11114
11115
11116
11117
11118
11120
11121
11125
11127
11128
11129
11130
11131
11132
11133
11134
11135
11136
11137
11138
11139
11140
11141
11144
11145
11146
11147
11148
11149
11151
11152
11153
11154
11155
11156
11157
11158
11159
11160
11162
11163
11164
11165
11166
11167
11168
11169
11170
11171
11172
11173
11174
11175
11176
11177
11178
11179
11180
11181
11182
11183
11185
11186
11187
11188
11189
11190
11192
11193
11194
11195
11198
11199
11200
11202
11203
11204
11205
11207
11208
11209
11210
11211
11212
11213
11215
11217
11218
11220
11221
11222
11223
11224
11226
11227
11228
11229
11230
11231
11232
11234
11235
11236
11237
11239
11240
11241
11242
11243
11244
11246
11247
11248
11250
11252
11253
11254
11256
11257
11258
11260
11261
11262
11263
11264
11267
11268
11269
11270
11272
11273
11274
11276
11277
11278
11279
11280
11281
11282
11283
11284
11285
11288
11289
11290
11291
11293
11294
11295
11296
11299
11300
11301
11302
11304
11305
11306
11307
11309
11310
11311
11312
11313
11314
11315
11316
11319
11321
11322
11323
11328
11329
11330
11331
11332
11333
11334
11336
11337
11339
11340
11342
11343
11344
11345
11346
11347
11349
11351
11352
11353
11355
11356
11357
11358
11359
11360
11361
11363
11364
11365
11367
11368
11370
11371
11372
11373
11376
11377
11378
11379
11383
11384
11385
11386
11387
11388
11389
11392
11393
11394
11395
11396
11397
11398
11399
11400
11401
11402
11404
11405
11407
11408
11409
11412
11413
11414
11415
11417
11418
11419
11420
11422
11423
11424
11425
11427
11428
11430
11431
11432
11433
11434
11436
11437
11438
11439
11440
11442
11443
11444
11445
11446
11447
11448
11449
11451
11452
11453
11454
11455
11456
11457
11458
11459
11460
11461
11462
11463
11464
11465
11468
11469
11471
11472
11473
11476
11477
11478
11480
11481
11482
11485
11487
11488
11489
11490
11493
11494
11495
11496
11497
11498
11499
11501
11502
11503
11504
11505
11510
11512
11513
11514
11516
11517
11518
11519
11520
11521
11522
11523
11524
11525
11526
11529
11531
11532
11533
11534
11535
11536
11537
11538
11539
11540
11544
11545
11547
11548
11550
11551
11556
11559
11560
11561
11562
11563
11564
11565
11566
11567
11568
11569
11570
11572
11573
11574
11575
11576
11577
11578
11580
11581
11582
11583
11588
11589
11591
11593
11594
11595
11596
11597
11598
11599
11600
11601
11602
11603
11604
11607
11608
11609
11610
11611
11613
11614
11616
11617
11618
11619
11620
11621
11622
11623
11624
11627
11628
11630
11631
11632
11633
11634
11635
11637
11638
11639
11640
11641
11642
11643
11645
11648
11650
11651
11652
11653
11655
11658
11659
11660
11662
11663
11664
11665
11667
11668
11669
11670
11671
11672
11673
11675
11676
11678
11679
11680
11681
11682
11684
11685
11687
11688
11690
11691
11692
11693
11694
11695
11696
11698
11699
11701
11702
11705
11706
11707
11710
11711
11712
11713
11714
11715
11716
11717
11718
11719
11720
11721
11722
11723
11725
11726
11727
11728
11729
11733
11734
11735
11737
11738
11739
11741
11743
11744
11745
11746
11747
11748
11749
11750
11751
11752
11753
11755
11756
11757
11760
11762
11765
11766
11768
11769
11774
11776
11777
11779
11780
11781
11782
11783
11786
11787
11788
11790
11792
11793
11794
11796
11797
11798
11799
11800
11801
11802
11803
11804
11805
11806
11810
11811
11818
11819
11820
11821
11822
11823
11824
11829
11832
11833
11834
11835
11836
11837
11838
11839
11840
11841
11843
11846
11847
11848
11849
11850
11851
11853
11856
11857
11858
11859
11860
11862
11863
11865
11866
11868
11869
11870
11871
11872
11874
11875
11876
11877
11879
11880
11881
11882
11883
11884
11885
11887
11888
11889
11890
11893
11894
11895
11896
11898
11900
11901
11902
11903
11904
11909
11910
11911
11913
11914
11915
11917
11918
11919
11920
11921
11922
11923
11924
11925
11926
11927
11928
11930
11931
11933
11934
11935
11936
11937
11938
11939
11940
11941
11943
11944
11945
11946
11947
11948
11949
11950
11952
11953
11954
11955
11956
11957
11958
11959
11962
11963
11964
11966
11967
11968
11969
11970
11971
11972
11973
11974
11975
11976
11977
11979
11980
11982
11983
11984
11985
11986
11987
11990
11991
11992
11994
11995
11997
11998
11999
12000
12001
12003
12005
12007
12008
12009
12010
12011
12012
12013
12015
12016
12017
12018
12020
12021
12022
12023
12024
12025
12026
12027
12028
12029
12030
12031
12033
12035
12036
12037
12038
12040
12041
12042
12043
12046
12047
12048
12049
12050
12051
12052
12053
12054
12055
12056
12058
12060
12061
12062
12063
12064
12066
12067
12068
12069
12070
12071
12072
12073
12074
12075
12076
12077
12078
12080
12081
12082
12083
12084
12085
12086
12087
12088
12089
12090
12091
12092
12094
12095
12096
12098
12099
12101
12102
12103
12104
12107
12108
12109
12110
12112
12113
12117
12118
12119
12121
12122
12123
12126
12128
12129
12130
12131
12132
12135
12136
12137
12139
12140
12141
12143
12144
12147
12149
12150
12151
12152
12153
12154
12155
12156
12158
12159
12160
12161
12162
12163
12164
12165
12167
12168
12169
12170
12171
12173
12174
12175
12177
12178
12179
12180
12181
12182
12183
12186
12187
12188
12189
12190
12191
12192
12195
12196
12197
12199
12201
12202
12203
12204
12205
12206
12207
12208
12209
12210
12211
12212
12213
12214
12215
12216
12217
12218
12219
12220
12221
12223
12224
12225
12226
12228
12232
12233
12235
12236
12238
12239
12240
12241
12242
12243
12244
12245
12246
12247
12248
12249
12251
12253
12254
12256
12257
12258
12259
12260
12261
12262
12263
12264
12265
12266
12267
12268
12269
12272
12273
12275
12276
12277
12278
12282
12283
12284
12285
12286
12287
12288
12289
12290
12291
12294
12295
12296
12298
12299
12300
12302
12304
12306
12307
12308
12309
12310
12311
12313
12314
12315
12316
12317
12319
12320
12322
12323
12324
12325
12326
12327
12328
12329
12331
12332
12333
12334
12336
12337
12338
12339
12340
12341
12342
12343
12345
12346
12347
12348
12349
12352
12353
12354
12355
12356
12357
12358
12359
12360
12361
12362
12363
12364
12365
12366
12367
12369
12370
12372
12373
12374
12375
12376
12377
12378
12379
12380
12381
12382
12384
12385
12386
12387
12388
12389
12390
12391
12392
12393
12394
12395
12397
12398
12399
12400
12403
12404
12405
12406
12407
12408
12409
12412
12413
12414
12415
12416
12419
12420
12421
12422
12424
12426
12427
12428
12429
12430
12431
12432
12433
12434
12436
12438
12439
12440
12441
12442
12443
12444
12445
12446
12447
12448
12449
12450
12452
12454
12455
12456
12457
12458
12459
12460
12463
12464
12465
12466
12467
12468
12471
12472
12473
12474
12475
12477
12478
12479
12480
12481
12482
12483
12484
12485
12487
12488
12489
12490
12491
12493
12494
12495
12496
12497
12499
