11809
9
16
27
31
32
44
86
87
125
153
165
236
243
251
268
269
273
279
287
306
342
345
370
380
390
392
424
425
477
522
609
611
637
638
643
645
647
657
695
746
773
812
855
861
877
878
938
952
985
986
989
1002
1032
1034
1037
1067
1083
1120
1136
1168
1175
1178
1192
1193
1194
1196
1205
1242
1247
1260
1291
1321
1332
1357
1358
1368
1407
1428
1429
1460
1497
1498
1499
1503
1508
1525
1580
1603
1661
1662
1667
1672
1687
1702
1712
1737
1771
1773
1821
1822
1823
1824
1828
1840
1875
1891
1899
1903
1905
1972
1975
1976
2015
2035
2036
2048
2080
2094
2101
2109
2111
2121
2122
2126
2135
2157
2202
2216
2222
2230
2234
2250
2289
2334
2361
2405
2412
2415
2416
2417
2423
2435
2456
2465
2468
2471
2485
2494
2547
2549
2556
2557
2600
2643
2644
2689
2709
2712
2723
2724
2741
2755
2776
2808
2813
2815
2827
2829
2830
2857
2917
2988
2992
2993
2994
3027
3034
3063
3076
3077
3192
3219
3258
3277
3280
3293
3326
3327
3342
3345
3376
3378
3382
3388
3404
3405
3428
3442
3443
3447
3482
3483
3484
3517
3519
3521
3523
3524
3525
3528
3529
3558
3563
3575
3604
3625
3630
3634
3666
3669
3702
3704
3705
3707
3708
3723
3724
3752
3801
3823
3824
3856
3857
3870
3877
3884
3892
3935
3937
3950
3953
3966
3969
3970
3981
3986
4010
4036
4037
4063
4080
4081
4111
4112
4140
4147
4163
4183
4184
4185
4191
4202
4204
4214
4230
4245
4266
4267
4283
4292
4302
4304
4313
4314
4328
4329
4330
4341
4396
4412
4427
4431
4477
4512
4514
4515
4521
4547
4559
4604
4605
4607
4618
4619
4654
4707
4708
4716
4722
4727
4729
4730
4782
4807
4808
4809
4810
4813
4858
4872
4875
4903
4904
4907
4908
4921
4960
4961
4976
4977
4989
4994
4999
5002
5048
5063
5064
5088
5090
5091
5102
5114
5153
5175
5179
5197
5199
5206
5217
5218
5229
5246
5247
5252
5275
5291
5298
5324
5328
5334
5364
5371
5375
5447
5459
5506
5510
5530
5544
5545
5546
5594
5595
5601
5605
5614
5616
5642
5645
5660
5663
5672
5675
5720
5730
5784
5787
5802
5805
5844
5854
5859
5877
5898
5908
5911
5925
5946
5978
5982
5999
6009
6010
6042
6043
6044
6075
6094
6128
6140
6142
6146
6208
6209
6218
6227
6234
6239
6251
6252
6269
6270
6298
6320
6321
6335
6378
6455
6482
6502
6509
6524
6562
6564
6630
6632
6639
6646
6653
6655
6667
6699
6709
6730
6742
6775
6778
6779
6783
6840
6844
6856
6882
6891
6905
6923
6936
6938
6946
6947
6948
6962
6972
7047
7057
7070
7083
7133
7150
7161
7162
7163
7168
7169
7183
7195
7238
7242
7244
7253
7303
7307
7310
7334
7347
7348
7367
7375
7382
7418
7467
7468
7512
7537
7545
7585
7587
7596
7613
7647
7684
7726
7727
7728
7729
7733
7765
7779
7783
7788
7799
7804
7811
7812
7842
7843
7851
7863
7864
7868
7872
7873
7884
7899
7910
7911
7923
7936
7938
7973
7984
8016
8050
8070
8106
8110
8127
8138
8146
8172
8197
8198
8205
8206
8209
8219
8220
8224
8227
8234
8267
8269
8277
8294
8316
8323
8343
8353
8355
8359
8360
8368
8370
8382
8384
8388
8398
8411
8456
8465
8468
8476
8503
8504
8526
8576
8590
8591
8635
8642
8651
8682
8684
8691
8705
8728
8765
8766
8800
8818
8842
8846
8860
8879
8906
8921
8974
8975
8978
8979
8994
9003
9004
9044
9049
9057
9131
9140
9150
9189
9194
9197
9210
9211
9232
9253
9322
9323
9335
9371
9441
9480
9496
9513
9514
9544
9576
9577
9580
9585
9587
9595
9612
9613
9615
9621
9622
9631
9683
9691
9692
9719
9725
9727
9738
9795
9828
9830
9832
9844
9846
9858
9901
9934
9935
9961
9962
9964
9966
9969
9972
9983
10014
10015
10026
10060
10093
10109
10124
10135
10140
10142
10148
10149
10175
10188
10198
10231
10246
10247
10260
10276
10295
10296
10346
10353
10366
10367
10368
10379
10426
10439
10454
10468
10469
10470
10489
10493
10495
10505
10521
10550
10592
10605
10658
10664
10666
10668
10688
10689
10695
10698
10702
10741
10751
10759
10760
10766
10791
10814
10823
10851
10858
10860
10868
10887
10911
10949
10964
10969
10980
10994
10995
11055
11060
11063
11064
11119
11161
11184
11191
11196
11206
11225
11233
11238
11259
11265
11266
11275
11286
11292
11298
11308
11320
11335
11338
11374
11375
11403
11406
11410
11411
11429
11435
11441
11466
11467
11470
11486
11530
11541
11542
11543
11549
11579
11612
11625
11629
11654
11656
11657
11666
11674
11683
11703
11704
11740
11754
11758
11759
11767
11770
11778
11784
11795
11830
11831
11844
11845
11852
11854
11855
11861
11864
11897
11905
11908
11929
11942
11951
11960
11961
11993
12006
12014
12093
12106
12120
12148
12166
12176
12231
12237
12255
12297
12312
12318
12330
12344
12368
12371
12435
12451
12453
12462
