2
18
24
25
28
35
39
54
59
66
78
79
81
109
110
111
112
123
124
126
128
133
136
137
139
143
151
152
156
171
173
184
195
200
203
204
211
216
221
224
225
227
230
238
244
247
256
259
260
261
299
301
304
305
308
309
311
316
325
349
354
355
377
383
387
388
393
409
431
433
437
445
469
487
510
515
532
533
542
551
553
554
555
558
559
560
561
570
579
581
593
616
619
623
624
625
686
687
688
694
707
708
719
720
721
731
744
752
760
761
770
785
796
797
798
799
816
818
821
831
833
840
843
852
858
867
868
882
883
884
885
886
887
888
889
892
921
922
925
944
946
949
955
956
959
960
966
968
992
993
1022
1031
1040
1052
1055
1056
1057
1059
1060
1062
1091
1102
1104
1108
1113
1122
1123
1137
1138
1143
1156
1173
1184
1185
1202
1208
1210
1216
1217
1237
1271
1278
1279
1286
1295
1304
1305
1325
1326
1328
1329
1339
1340
1341
1342
1362
1371
1372
1376
1377
1378
1390
1394
1400
1403
1416
1434
1437
1454
1457
1468
1477
1481
1482
1491
1492
1493
1495
1521
1522
1530
1531
1538
1542
1543
1547
1551
1558
1561
1562
1566
1573
1574
1575
1597
1600
1601
1610
1611
1628
1629
1638
1639
1658
1664
1675
1691
1694
1699
1700
1705
1709
1724
1729
1738
1769
1779
1781
1787
1793
1802
1803
1812
1813
1863
1867
1868
1878
1883
1884
1885
1886
1887
1909
1917
1918
1919
1920
1921
1922
1926
1928
1932
1955
1956
1962
1978
1985
1988
1991
1994
1996
1998
2002
2007
2027
2050
2052
2069
2072
2096
2097
2104
2143
2150
2155
2159
2180
2204
2209
2211
2215
2226
2227
2228
2246
2254
2257
2267
2273
2276
2280
2281
2282
2285
2286
2292
2303
2304
2308
2311
2312
2318
2322
2329
2341
2344
2345
2346
2348
2355
2356
2357
2374
2375
2376
2401
2409
2426
2441
2452
2461
2477
2478
2490
2491
2493
2505
2506
2508
2509
2521
2522
2523
2535
2584
2585
2586
2587
2614
2615
2623
2624
2626
2629
2631
2637
2655
2662
2664
2697
2698
2699
2744
2753
2770
2798
2853
2869
2870
2886
2892
2893
2897
2898
2899
2928
2946
2947
2954
2956
2959
2965
2966
2967
2968
2969
2975
2977
2979
2980
2981
2982
2984
3000
3006
3012
3024
3029
3038
3056
3057
3058
3059
3061
3071
3072
3078
3079
3090
3095
3098
3099
3102
3103
3109
3116
3120
3151
3152
3157
3158
3159
3160
3175
3196
3229
3249
3250
3272
3273
3296
3298
3299
3310
3311
3312
3315
3316
3321
3347
3355
3356
3371
3390
3391
3396
3411
3414
3415
3418
3420
3424
3439
3445
3446
3448
3455
3470
3473
3474
3475
3477
3487
3490
3493
3504
3507
3538
3545
3548
3549
3550
3556
3557
3565
3566
3567
3571
3587
3588
3594
3605
3606
3611
3642
3644
3651
3659
3672
3698
3712
3727
3731
3734
3735
3755
3756
3758
3759
3760
3765
3766
3768
3770
3771
3778
3784
3785
3789
3797
3798
3810
3811
3819
3820
3826
3838
3842
3843
3860
3865
3867
3897
3898
3905
3906
3925
3926
3929
3930
3955
3956
3957
3959
3961
3967
3977
3978
3979
3997
3999
4000
4019
4027
4028
4043
4046
4050
4051
4054
4055
4069
4070
4084
4085
4086
4089
4093
4097
4102
4114
4117
4126
4127
4128
4132
4138
4142
4143
4153
4159
4160
4167
4188
4200
4201
4211
4213
4215
4217
4225
4239
4242
4256
4257
4272
4276
4299
4309
4312
4358
4375
4380
4386
4387
4409
4417
4419
4439
4440
4441
4449
4461
4469
4483
4496
4533
4534
4551
4556
4570
4571
4572
4599
4625
4630
4631
4643
4661
4674
4675
4676
4677
4679
4680
4682
4689
4690
4691
4692
4697
4698
4700
4701
4704
4737
4748
4760
4761
4779
4780
4791
4792
4801
4802
4803
4842
4848
4877
4880
4883
4893
4896
4932
4950
4956
4957
4969
4974
5004
5005
5009
5025
5030
5035
5037
5044
5045
5050
5051
5060
5103
5108
5118
5124
5125
5131
5132
5140
5163
5211
5212
5213
5224
5232
5240
5245
5254
5270
5302
5305
5307
5308
5358
5385
5386
5387
5391
5407
5408
5412
5416
5417
5420
5421
5428
5429
5434
5439
5449
5451
5464
5465
5469
5498
5516
5517
5520
5522
5526
5536
5537
5539
5541
5553
5557
5570
5581
5599
5600
5618
5619
5621
5622
5635
5636
5637
5638
5640
5648
5651
5665
5667
5685
5686
5693
5698
5700
5724
5725
5726
5732
5734
5739
5742
5743
5744
5747
5750
5752
5753
5754
5755
5756
5766
5774
5777
5781
5800
5809
5811
5819
5828
5829
5832
5836
5863
5872
5885
5886
5897
5922
5923
5935
5936
5943
5944
5955
5963
5968
5969
5987
5992
5995
5996
5997
6001
6018
6026
6057
6083
6085
6086
6103
6113
6114
6126
6139
6148
6152
6156
6162
6182
6183
6185
6186
6187
6196
6202
6203
6204
6212
6214
6216
6222
6245
6247
6248
6249
6254
6260
6262
6275
6285
6290
6291
6327
6329
6348
6349
6350
6357
6358
6362
6365
6369
6375
6380
6386
6398
6402
6403
6406
6423
6446
6449
6451
6452
6454
6475
6476
6478
6484
6527
6537
6549
6553
6557
6559
6560
6575
6590
6601
6612
6613
6620
6623
6637
6649
6664
6674
6681
6682
6686
6690
6694
6695
6698
6703
