11809
6730
6742
6775
6778
6779
6783
6840
6844
6856
6882
6891
6905
6923
6936
6938
6946
6947
6948
6962
6972
7047
7057
7070
7083
7133
7150
7161
7162
7163
7168
7169
7183
7195
7238
7242
7244
7253
7303
7307
7310
7334
7347
7348
7367
7375
7382
7418
7467
7468
7512
7537
7545
7585
7587
7596
7613
7647
7684
7726
7727
7728
7729
7733
7765
7779
7783
7788
7799
7804
7811
7812
7842
7843
7851
7863
7864
7868
7872
7873
7884
7899
7910
7911
7923
7936
7938
7973
7984
8016
8050
8070
8106
8110
8127
8138
8146
8172
8197
8198
8205
8206
8209
8219
8220
8224
8227
8234
8267
8269
8277
8294
8316
8323
8343
8353
8355
8359
8360
8368
8370
8382
8384
8388
8398
8411
8456
8465
8468
8476
8503
8504
8526
8576
8590
8591
8635
8642
8651
8682
8684
8691
8705
8728
8765
8766
8800
8818
8842
8846
8860
8879
8906
8921
8974
8975
8978
8979
8994
9003
9004
9044
9049
9057
9131
9140
9150
9189
9194
9197
9210
9211
9232
9253
9322
9323
9335
9371
9441
9480
9496
9513
9514
9544
9576
9577
9580
9585
9587
9595
9612
9613
9615
9621
9622
9631
9683
9691
9692
9719
9725
9727
9738
9795
9828
9830
9832
9844
9846
9858
9901
9934
9935
9961
9962
9964
9966
9969
9972
9983
10014
10015
10026
10060
10093
10109
10124
10135
10140
10142
10148
10149
10175
10188
10198
10231
10246
10247
10260
10276
10295
10296
10346
10353
10366
10367
10368
10379
10426
10439
10454
10468
10469
10470
10489
10493
10495
10505
10521
10550
10592
10605
10658
10664
10666
10668
10688
10689
10695
10698
10702
10741
10751
10759
10760
10766
10791
10814
10823
10851
10858
10860
10868
10887
10911
10949
10964
10969
10980
10994
10995
11055
11060
11063
11064
11119
11161
11184
11191
11196
11206
11225
11233
11238
11259
11265
11266
11275
11286
11292
11298
11308
11320
11335
11338
11374
11375
11403
11406
11410
11411
11429
11435
11441
11466
11467
11470
11486
11530
11541
11542
11543
11549
11579
11612
11625
11629
11654
11656
11657
11666
11674
11683
11703
11704
11740
11754
11758
11759
11767
11770
11778
11784
11795
11830
11831
11844
11845
11852
11854
11855
11861
11864
11897
11905
11908
11929
11942
11951
11960
11961
11993
12006
12014
12093
12106
12120
12148
12166
12176
12231
12237
12255
12297
12312
12318
12330
12344
12368
12371
12435
12451
12453
12462
