224.74 4
224.8659 0
224.9918 4
225.1177 4
225.24360000000001 8
225.36950000000002 9
225.49540000000002 12
225.62130000000002 22
225.74720000000002 29
225.87310000000002 24
225.99900000000002 33
226.1249 34
226.2508 47
226.3767 66
226.5026 53
226.6285 75
226.7544 78
226.8803 75
227.0062 111
227.1321 97
227.258 104
227.3839 118
227.5098 115
227.6357 129
227.76160000000002 117
227.88750000000002 155
228.01340000000002 130
228.13930000000002 159
228.26520000000002 163
228.39110000000002 137
228.517 179
228.6429 157
228.7688 199
228.8947 174
229.0206 169
229.1465 173
229.2724 153
229.3983 174
229.5242 180
229.6501 150
229.776 181
229.9019 169
230.0278 156
230.15370000000001 150
230.27960000000002 154
230.40550000000002 162
230.53140000000002 130
230.65730000000002 155
230.78320000000002 98
230.90910000000002 86
231.03500000000003 73
231.1609 58
231.2868 54
231.4127 45
231.5386 42
231.6645 31
231.7904 28
231.9163 28
232.0422 23
232.1681 18
232.294 13
232.4199 12
232.5458 9
232.67170000000002 7
232.79760000000002 10
232.92350000000002 5
233.04940000000002 9
233.17530000000002 3
233.30120000000002 13
233.42710000000002 4
233.553 0
233.6789 5
233.8048 5
233.9307 4
234.0566 3
234.1825 3
234.3084 0
234.4343 1
234.5602 1
234.6861 2
234.812 0
234.9379 0
235.06380000000001 0
235.18970000000002 0
235.31560000000002 1
235.44150000000002 0
235.56740000000002 1
235.69330000000002 2
235.81920000000002 1
235.94510000000002 0
236.07100000000003 0
236.1969 0
236.3228 0
236.4487 0
236.5746 0
236.7005 0
236.8264 0
236.9523 0
237.0782 0
237.2041 1
