224.46 2
224.5848 0
224.7096 6
224.83440000000002 1
224.9592 1
225.084 8
225.2088 5
225.33360000000002 7
225.4584 20
225.5832 17
225.708 18
225.83280000000002 30
225.9576 31
226.0824 49
226.2072 43
226.332 53
226.45680000000002 83
226.5816 89
226.7064 86
226.8312 73
226.95600000000002 103
227.0808 99
227.2056 120
227.3304 141
227.45520000000002 128
227.58 166
227.7048 149
227.8296 156
227.9544 169
228.07920000000001 200
228.204 166
228.3288 184
228.4536 170
228.57840000000002 188
228.7032 193
228.828 215
228.9528 177
229.07760000000002 215
229.2024 182
229.3272 208
229.452 197
229.5768 228
229.7016 183
229.8264 167
229.9512 173
230.076 209
230.20080000000002 194
230.3256 200
230.4504 148
230.5752 151
230.7 162
230.8248 112
230.9496 113
231.0744 74
231.1992 76
231.324 55
231.4488 53
231.5736 47
231.6984 41
231.8232 20
231.948 32
232.0728 23
232.1976 8
232.32240000000002 12
232.4472 8
232.572 8
232.6968 14
232.8216 11
232.9464 5
233.0712 5
233.196 12
233.3208 6
233.4456 3
233.5704 2
233.6952 5
233.82 5
233.9448 1
234.0696 1
234.1944 3
234.3192 1
234.444 1
234.5688 0
234.6936 1
234.8184 0
234.9432 1
235.068 0
235.1928 0
235.3176 1
235.4424 0
235.56719999999999 0
235.692 0
235.8168 0
235.9416 0
236.0664 0
236.1912 0
236.316 0
236.4408 0
236.5656 0
236.6904 0
236.8152 1
