289.14
281.98
276.01
273.23
284.61
285.13
282.13
274.27
273.62
273.41
278.21
272.59
284.60
293.39
287.70
306.83
287.42
285.08
287.39
278.26
286.89
289.25
286.20
282.77
292.70
288.81
292.92
289.89
283.49
284.03
271.37
287.59
274.92
286.41
288.90
290.95
286.11
294.40
289.48
287.03
282.11
288.29
264.20
288.99
280.58
278.96
285.17
294.60
285.40
298.32
290.43
282.48
293.98
296.23
277.07
287.93
281.26
275.46
272.66
290.80
275.94
282.84
278.85
282.09
279.45
289.04
279.65
283.73
280.80
289.83
290.77
281.50
271.64
273.79
282.28
288.87
281.15
292.70
272.29
276.14
283.43
280.55
293.60
289.60
293.15
280.64
290.08
284.92
275.62
287.55
306.46
280.51
293.33
300.75
283.13
278.16
276.32
295.03
284.18
286.24
287.00
279.34
289.79
278.09
290.42
279.59
283.88
286.37
292.30
286.55
286.95
285.37
285.05
316.49
281.38
294.42
286.10
299.05
296.19
286.07
288.66
286.72
284.85
279.94
296.41
294.29
286.41
283.77
284.15
280.87
277.78
292.44
281.76
281.78
285.90
281.43
280.11
290.11
284.03
282.59
270.88
279.56
281.59
280.09
278.77
268.81
268.44
283.37
282.97
272.81
279.66
274.96
278.95
267.00
273.28
267.13
270.58
271.43
285.55
269.51
282.08
277.81
286.31
287.17
290.06
269.21
270.74
275.44
258.39
269.40
270.73
271.71
280.60
271.68
268.34
272.52
285.97
286.56
282.66
288.45
308.62
301.15
287.92
292.75
306.64
289.69
293.99
302.58
294.70
291.67
291.20
291.75
291.46
278.84
308.37
293.12
304.54
294.70
306.99
301.79
277.58
290.00
275.93
267.39
267.73
279.52
281.50
279.27
261.12
268.34
273.09
275.75
272.30
272.44
290.37
280.41
279.46
287.20
263.55
265.94
263.98
260.83
261.12
273.47
268.10
278.32
277.86
284.89
278.22
292.20
272.59
271.38
281.69
274.63
283.53
262.93
294.02
259.35
274.05
257.30
273.89
264.45
277.18
257.27
257.36
261.45
253.27
280.88
263.68
264.33
263.97
264.36
272.06
270.35
266.18
264.94
268.79
267.08
272.51
267.85
276.47
263.95
261.11
271.21
273.25
270.84
271.04
271.39
278.28
279.10
286.98
275.49
274.89
282.23
273.58
265.37
258.51
270.97
270.76
262.42
259.15
256.61
272.59
267.20
266.98
268.22
269.00
269.65
271.78
268.01
260.23
276.73
272.21
264.19
262.83
260.63
268.66
256.40
252.46
277.86
251.14
266.31
255.13
268.93
258.18
269.16
261.90
273.75
272.44
262.55
258.08
259.20
269.52
274.92
266.91
262.38
280.52
263.86
261.20
272.90
284.38
278.11
271.43
277.50
272.07
268.28
263.17
264.62
281.78
274.13
270.21
267.67
264.20
275.94
263.20
255.76
281.15
271.84
274.33
260.53
261.94
257.80
263.72
258.72
267.48
252.03
278.76
258.89
272.41
252.05
263.56
270.66
260.34
263.15
263.84
263.44
260.72
274.92
279.58
264.76
271.84
267.22
266.86
275.36
261.82
279.74
268.51
253.86
250.51
254.50
257.17
267.70
259.65
270.15
253.68
263.71
256.62
263.24
252.24
252.23
259.90
272.15
266.65
269.38
263.79
261.38
258.23
268.33
269.74
267.17
256.35
273.53
257.87
261.71
262.36
256.52
263.21
260.62
262.62
265.56
262.89
268.72
270.25
264.44
261.76
273.99
256.92
263.13
256.61
262.17
266.68
271.40
272.34
269.39
265.03
280.73
256.92
278.72
277.05
262.74
267.34
257.40
266.89
280.44
267.54
266.40
296.08
286.19
288.69
304.47
292.63
294.00
281.83
295.15
272.38
285.12
299.59
287.25
289.79
285.68
273.38
272.48
273.13
280.40
278.23
278.07
295.84
282.61
276.99
284.21
283.71
270.61
275.51
287.13
281.91
282.50
284.43
274.82
279.10
272.53
275.73
296.36
284.61
273.37
283.06
269.16
269.30
280.54
275.47
271.40
269.63
269.93
287.31
285.02
283.62
276.26
273.98
280.87
273.34
284.02
278.38
277.28
288.91
275.51
264.19
269.99
289.04
286.35
283.27
287.40
283.72
285.99
293.08
288.87
283.05
280.53
278.88
286.04
280.87
286.53
269.66
291.60
280.20
289.84
288.62
278.46
286.52
281.65
286.19
294.40
287.43
284.19
284.55
289.65
287.87
276.92
270.10
273.08
277.38
286.72
278.30
283.20
287.07
278.02
271.47
284.52
284.34
288.70
276.91
288.03
278.82
283.64
287.97
282.66
289.77
298.88
284.37
283.71
290.35
277.33
282.66
287.37
295.69
273.70
285.57
292.98
270.51
278.91
280.97
271.51
272.96
267.34
275.87
278.36
277.32
274.56
273.96
279.12
279.68
275.28
270.75
278.19
274.72
272.46
282.68
269.10
286.99
276.84
264.24
301.04
296.55
291.02
288.22
285.50
287.30
285.06
284.26
285.20
288.60
276.41
288.41
279.64
280.86
284.06
290.37
277.96
274.72
266.44
276.39
268.11
266.06
282.71
269.94
270.09
271.79
266.25
273.20
286.66
273.06
266.47
273.58
265.43
279.38
274.92
269.91
264.22
280.22
257.65
262.39
281.76
271.46
284.55
276.22
272.49
273.31
275.54
276.63
273.69
276.60
277.15
277.49
260.73
273.19
275.67
265.81
270.83
275.54
274.72
274.42
272.44
274.42
277.96
279.13
275.61
278.32
268.83
288.38
292.36
276.74
265.41
258.54
279.98
277.11
279.41
281.93
280.08
265.77
268.00
275.75
284.58
267.88
268.40
285.73
291.34
276.77
276.53
280.24
265.01
273.63
271.82
274.52
273.79
275.99
271.90
276.40
262.40
274.61
270.74
265.35
266.55
283.87
283.00
282.66
267.97
264.12
283.37
281.61
273.11
279.40
277.99
271.78
262.39
271.42
278.96
272.19
282.56
280.30
274.75
280.68
283.39
281.23
293.40
274.77
269.33
286.31
273.13
274.08
272.09
275.31
276.97
260.89
276.15
278.55
292.90
266.07
270.33
270.85
268.23
272.22
287.29
281.67
281.69
271.70
275.90
289.79
268.86
285.29
282.29
266.87
262.06
266.67
259.69
267.91
265.50
258.93
255.05
267.15
262.00
260.67
256.42
264.10
254.42
255.64
263.22
266.04
264.81
274.96
269.98
267.63
266.79
257.03
262.46
271.59
261.27
267.96
256.68
271.78
259.14
260.19
259.36
265.96
261.37
279.13
270.44
278.64
263.73
270.26
261.99
261.10
266.70
268.59
271.96
266.98
267.59
260.32
267.13
268.67
252.91
267.71
258.24
259.07
257.98
273.99
260.31
257.18
263.78
250.28
265.51
263.66
275.68
274.56
264.57
268.61
266.07
268.79
259.57
260.08
272.90
254.27
274.14
282.40
266.15
258.11
256.73
262.66
259.92
260.34
271.71
274.80
257.90
275.22
261.94
250.96
268.02
262.27
263.32
254.56
267.55
262.97
259.28
266.38
260.27
262.22
256.11
273.79
266.52
259.85
259.45
259.89
266.14
268.00
259.84
279.64
259.40
259.75
256.11
258.22
260.37
249.88
252.15
269.61
268.20
257.65
261.61
262.76
270.57
254.28
259.24
257.62
253.67
258.80
257.75
267.21
258.40
262.07
268.26
260.27
266.84
275.84
251.68
264.45
264.99
252.98
274.16
264.30
255.52
272.04
265.07
268.31
257.39
261.58
278.50
260.33
267.24
263.25
265.85
267.81
268.69
257.19
273.21
278.39
270.92
257.23
261.62
250.89
264.77
288.85
261.69
257.39
263.23
259.58
268.46
271.87
262.29
261.46
256.07
266.77
266.65
264.52
268.09
263.39
273.36
251.07
264.49
266.72
267.48
271.96
261.90
269.77
265.28
257.42
263.65
263.57
263.97
263.52
264.36
265.97
259.13
266.33
269.04
259.79
268.71
250.86
260.27
265.30
272.55
260.66
251.90
260.35
260.53
258.99
265.68
258.52
265.85
264.83
260.12
256.07
267.97
261.85
252.97
259.67
255.74
248.07
260.76
246.38
255.87
270.50
258.59
260.15
261.30
251.19
256.22
271.21
252.28
251.69
245.03
266.97
251.32
258.81
255.89
249.20
263.40
270.64
258.24
258.37
260.51
263.69
249.51
271.21
248.93
269.33
270.66
276.55
286.12
268.19
251.60
253.76
256.94
265.29
256.77
266.08
258.99
263.35
264.68
254.04
256.09
256.94
265.94
260.42
265.49
262.95
258.94
255.05
259.71
260.38
255.15
277.99
275.27
280.54
282.84
268.91
285.83
275.89
281.19
286.36
287.73
277.41
271.02
291.92
282.49
280.99
266.70
272.35
267.31
270.71
255.05
263.58
261.77
266.31
252.31
266.90
267.13
260.80
253.26
253.02
259.14
262.93
267.57
261.76
262.77
274.77
255.76
267.02
258.55
259.00
255.96
260.75
276.46
267.72
263.04
243.22
250.57
259.73
267.61
255.98
257.37
256.98
257.48
253.75
266.12
255.65
259.45
266.15
257.78
255.26
264.86
249.46
266.31
257.07
263.26
272.82
262.27
253.14
253.37
252.64
270.29
250.06
253.45
261.88
264.45
262.77
265.98
264.21
259.66
266.94
263.88
269.66
264.21
254.90
257.59
272.66
259.11
260.30
261.37
261.20
267.13
269.67
268.70
266.61
267.91
275.27
268.81
263.32
255.08
267.68
260.86
253.15
262.13
254.68
266.36
263.21
260.57
264.45
266.07
268.32
260.07
254.89
255.19
261.18
269.13
259.19
248.01
265.25
272.02
252.21
266.70
262.18
260.48
255.54
250.53
255.89
263.97
265.80
270.28
258.34
260.20
267.28
266.14
257.19
263.38
269.94
262.39
268.61
274.23
275.39
276.37
273.00
264.14
265.00
256.99
260.70
273.05
257.91
267.54
261.32
267.70
272.26
272.94
264.06
250.90
261.11
274.24
258.63
260.13
269.53
255.91
266.26
265.24
269.52
266.96
268.98
265.99
266.86
276.80
268.23
272.71
253.69
280.36
270.97
281.78
268.27
263.14
265.34
261.60
260.24
256.52
260.54
267.55
263.08
263.09
259.73
253.17
259.91
264.83
276.49
265.14
268.06
254.97
255.89
264.60
256.87
260.29
259.26
255.43
257.63
255.72
257.60
259.67
268.56
265.99
262.91
264.43
276.23
252.20
263.31
272.77
265.82
250.14
269.06
255.82
257.95
267.36
274.76
256.75
254.71
257.37
255.46
260.76
248.92
259.44
257.58
264.21
270.24
261.81
263.22
265.07
267.63
257.58
265.83
261.40
272.55
270.28
274.85
263.55
262.53
251.30
271.31
260.66
269.56
264.86
271.37
254.58
263.09
266.59
254.82
256.52
255.10
256.72
267.81
268.32
274.41
254.16
257.67
267.19
256.21
242.77
263.57
254.59
265.99
259.38
275.18
273.27
271.00
274.02
277.08
271.20
271.97
273.34
275.34
268.56
269.17
267.79
276.91
290.37
289.32
288.26
277.56
285.14
280.26
293.22
269.28
264.84
265.85
271.00
280.44
262.79
264.31
261.00
271.52
260.92
266.64
267.61
266.12
280.15
273.54
270.02
271.58
268.91
271.29
255.66
259.75
260.92
252.90
259.27
260.70
274.42
292.27
277.74
287.91
264.89
277.49
277.83
272.33
284.88
282.52
303.20
291.37
273.56
276.92
264.21
272.62
284.45
261.70
269.73
274.89
280.95
269.63
283.04
276.51
284.38
269.02
267.73
271.39
278.41
272.24
285.09
285.01
286.33
272.08
270.99
277.50
280.04
276.38
286.34
274.65
281.28
285.40
265.87
271.40
281.29
283.70
270.68
282.37
268.79
261.66
272.91
266.95
255.88
261.96
280.25
261.54
261.86
268.88
262.11
288.32
301.09
277.74
279.61
275.60
282.90
289.38
285.97
279.61
283.58
290.09
280.61
275.36
290.36
269.99
278.57
300.30
273.20
296.76
274.24
284.01
276.94
278.59
273.78
274.04
272.20
280.28
281.93
284.40
288.98
285.31
281.51
276.73
279.37
276.36
275.50
272.12
280.63
294.28
273.65
282.54
274.88
275.99
275.44
281.98
277.27
270.48
283.95
277.26
287.76
283.43
278.28
291.09
286.83
273.07
284.73
283.16
277.39
292.58
274.31
284.19
287.91
276.30
285.96
296.74
274.54
275.64
270.25
269.36
269.66
271.57
279.58
278.47
279.18
280.07
270.51
259.93
283.38
272.77
271.00
274.12
284.72
264.98
270.04
269.13
273.37
277.56
273.10
289.98
270.00
277.88
284.04
259.36
272.72
271.50
267.93
267.68
275.18
274.21
264.91
269.69
267.94
261.50
269.77
276.30
274.53
266.70
264.77
273.60
265.97
276.99
282.11
270.70
285.11
258.19
264.25
278.11
264.59
266.79
261.48
272.55
263.81
269.51
258.03
274.37
270.54
251.87
257.22
271.89
263.82
278.56
275.69
271.87
280.90
272.92
259.90
266.98
272.15
272.88
275.49
275.71
258.83
279.57
279.71
269.68
254.37
274.82
262.35
281.77
279.25
271.33
260.18
264.10
264.86
268.19
277.68
265.09
268.39
267.26
277.52
272.41
266.48
267.89
273.06
279.86
255.70
266.78
261.72
257.79
269.75
277.09
273.44
270.36
264.05
282.63
268.18
274.34
278.71
268.02
276.93
273.25
267.19
268.51
261.24
261.61
269.81
273.90
256.36
260.46
259.80
277.70
276.95
259.42
267.51
267.79
260.06
253.96
264.98
258.12
274.71
268.83
260.17
257.07
269.27
280.24
259.38
266.98
274.04
259.71
265.89
266.94
272.62
260.10
258.13
262.04
272.33
273.99
274.45
261.00
276.14
274.23
278.42
270.12
276.00
286.01
281.22
282.45
265.04
267.64
268.85
267.47
272.29
262.51
272.89
278.54
262.70
272.77
269.57
272.42
274.43
274.40
273.04
273.75
276.86
280.97
278.28
272.52
268.60
273.57
266.78
266.10
268.58
270.39
263.47
268.94
268.60
268.73
267.10
269.48
271.10
283.75
280.27
295.35
289.89
281.18
277.07
269.07
286.19
286.10
285.65
278.50
283.23
290.63
284.99
286.37
283.54
296.69
285.13
281.48
286.39
290.75
291.22
285.76
291.09
282.58
292.92
287.73
280.53
287.08
286.96
285.12
293.64
285.13
293.00
275.89
290.80
270.90
271.63
267.89
267.25
260.29
260.08
253.36
271.64
261.87
261.05
251.83
257.63
255.02
267.43
268.71
265.70
271.08
281.86
262.94
260.13
262.07
262.94
259.99
266.71
257.67
260.04
259.52
257.60
263.73
267.46
265.61
256.42
264.42
269.16
265.24
280.50
260.22
253.60
261.62
260.36
268.13
262.27
281.48
271.37
257.07
252.52
259.70
260.22
267.17
269.18
248.48
274.70
247.57
263.31
277.00
265.44
262.70
267.33
269.60
268.35
270.29
275.71
261.95
273.55
264.11
269.99
265.12
274.85
267.87
256.99
259.10
269.35
277.95
259.14
271.20
256.00
276.76
262.02
278.79
268.18
276.22
268.31
277.73
245.94
256.45
262.49
254.35
257.62
259.27
272.09
266.75
262.42
257.90
271.83
257.81
257.96
260.72
263.27
253.59
267.99
256.39
268.10
269.69
276.46
277.72
269.13
263.81
256.29
269.22
267.31
261.01
254.78
264.96
265.14
262.27
254.00
267.29
268.85
266.26
269.25
271.13
273.56
260.42
265.28
261.39
279.45
272.29
274.91
265.01
266.89
285.63
276.19
275.38
284.94
279.03
284.72
286.95
282.84
281.06
281.21
278.96
282.18
281.15
288.50
281.02
293.15
275.41
282.65
268.13
272.57
252.47
256.39
273.36
275.81
261.01
262.46
272.66
259.71
262.10
267.68
267.73
271.46
267.45
267.59
265.70
264.54
270.41
268.95
268.03
278.71
257.65
270.71
286.32
263.93
266.49
273.23
261.60
279.15
264.30
267.00
277.89
265.89
274.30
266.35
266.46
285.11
264.30
261.05
260.79
266.84
271.81
259.53
257.21
264.01
260.71
259.82
255.40
263.78
259.41
262.63
262.04
255.14
259.59
263.57
267.94
251.16
272.59
251.61
260.34
270.26
257.06
268.45
265.01
263.44
276.25
275.04
281.07
275.95
271.86
274.56
273.39
277.40
283.05
267.30
271.62
281.04
276.46
286.92
281.56
289.18
276.95
291.55
288.38
259.60
263.52
283.15
266.26
292.38
294.19
276.26
288.16
278.56
274.30
269.65
274.46
277.28
263.32
276.79
266.38
283.32
274.30
286.23
274.62
276.62
271.76
286.00
272.83
282.05
270.85
271.51
263.68
274.17
275.23
272.28
273.59
272.99
290.42
269.12
269.36
262.70
276.16
262.85
272.87
273.59
263.43
255.60
270.90
267.27
262.94
262.36
266.32
261.74
264.56
262.67
271.48
263.01
259.40
258.93
266.13
264.48
263.22
262.03
256.44
259.58
267.00
266.03
260.42
260.03
258.08
270.71
267.75
266.53
262.90
262.78
264.94
264.90
263.56
251.47
258.00
260.19
271.78
253.19
266.69
265.41
249.97
268.21
269.32
261.73
263.59
249.86
258.39
270.58
253.36
248.60
271.25
256.73
258.45
261.66
261.60
262.44
255.92
267.00
251.17
251.19
243.77
250.26
260.96
260.35
248.46
261.01
258.32
250.28
262.58
261.10
256.88
263.86
259.06
253.36
253.26
249.71
264.62
260.71
259.34
262.26
259.10
259.24
261.46
255.09
261.04
260.67
263.41
247.68
259.59
258.89
256.82
261.66
252.97
257.47
260.39
253.97
269.38
259.52
262.33
257.20
264.64
271.84
258.60
257.70
264.02
259.70
263.62
262.41
264.26
262.06
253.78
246.52
262.57
254.71
250.16
262.22
264.61
255.74
247.93
249.91
254.71
258.55
256.70
254.00
266.20
265.10
249.34
251.97
274.57
268.40
252.45
258.24
257.19
248.39
258.97
255.72
254.11
253.05
253.97
253.14
257.01
262.37
249.35
258.58
265.88
256.59
261.13
253.22
255.33
259.11
248.52
264.78
256.48
243.80
251.59
251.81
253.78
260.83
255.17
262.63
263.17
261.01
273.49
262.66
258.06
257.59
267.68
265.70
259.25
250.35
263.24
252.31
248.40
257.91
251.50
255.14
266.23
263.67
258.89
247.21
260.78
251.66
269.42
252.63
252.73
254.08
257.99
254.71
247.45
259.45
257.13
255.50
251.38
261.84
261.32
261.02
244.46
266.71
259.38
259.46
254.23
272.05
263.16
257.48
258.78
271.73
268.65
264.95
249.84
250.32
270.82
266.66
250.48
253.89
253.12
251.43
264.76
264.78
255.80
252.06
258.87
257.91
270.36
251.35
261.28
270.09
269.86
245.45
264.85
263.24
242.14
254.34
261.83
258.74
254.52
261.04
266.82
255.69
247.47
259.20
271.17
266.27
258.17
279.11
268.49
265.71
268.05
249.16
262.27
256.85
245.66
262.13
257.69
260.41
253.04
263.59
241.97
262.71
252.99
247.12
262.57
254.82
255.65
258.84
248.25
259.91
270.37
279.59
272.67
281.60
273.05
279.16
290.83
270.20
273.72
262.75
276.67
269.25
274.28
284.76
268.22
293.03
277.71
277.02
270.11
269.87
268.85
281.61
264.77
280.59
269.07
272.01
281.08
275.43
270.01
269.69
274.07
295.96
284.32
280.84
273.73
273.74
285.75
278.44
281.99
276.89
267.76
288.89
282.97
287.02
273.62
292.15
287.97
293.60
287.85
291.45
296.82
303.50
287.12
287.02
284.85
293.27
305.97
287.12
283.47
292.58
288.53
283.87
297.97
285.58
294.98
291.84
295.28
300.10
286.37
293.40
305.45
310.65
308.14
312.32
312.11
296.16
292.33
291.50
291.01
300.91
298.06
282.48
282.75
295.77
297.29
282.96
284.37
289.90
292.70
285.93
285.55
294.97
286.95
290.72
299.97
290.60
300.72
305.79
298.62
297.65
291.20
288.26
287.61
308.37
288.20
286.88
290.02
287.02
280.77
309.44
298.51
299.21
304.40
284.95
287.08
286.22
284.86
270.76
283.23
289.64
277.71
275.42
295.56
274.92
290.53
285.46
297.13
295.25
293.49
302.42
298.25
298.16
292.01
300.31
296.39
286.92
287.99
299.69
311.67
309.71
296.04
284.53
282.19
284.63
293.07
276.17
286.86
281.14
284.41
273.38
277.72
266.55
263.04
262.93
263.20
262.34
268.51
263.52
264.85
259.95
259.29
260.79
267.85
269.11
255.75
267.68
270.23
260.49
269.80
267.24
271.61
250.01
268.95
268.00
267.03
271.86
266.96
264.60
264.63
265.50
275.96
268.70
267.72
276.07
268.85
274.09
280.44
259.72
268.16
266.46
265.23
259.40
267.90
260.32
266.30
264.28
271.89
258.59
275.10
267.71
264.57
262.51
258.72
263.32
269.02
268.45
264.46
274.62
260.96
258.99
266.63
256.92
267.73
268.51
268.79
260.48
266.15
264.65
257.47
257.77
261.08
261.48
270.63
257.94
245.74
249.15
258.70
256.70
246.94
261.88
255.91
264.50
264.79
276.68
283.13
275.90
269.73
272.78
280.08
270.10
282.57
280.03
281.16
275.26
277.62
279.33
278.37
268.38
267.28
269.05
275.84
271.91
281.38
269.81
255.04
272.15
276.49
265.01
276.06
257.60
274.12
280.17
285.79
272.44
270.84
267.82
270.54
269.94
269.97
274.06
274.72
270.05
271.07
275.28
262.41
274.99
271.54
262.63
265.00
266.40
270.89
273.82
281.52
279.01
272.41
273.06
267.13
270.49
272.69
263.38
269.71
270.45
269.15
277.24
271.39
279.68
277.64
270.29
281.05
281.60
272.21
269.02
265.49
270.49
269.24
267.95
268.99
268.24
277.85
279.66
275.86
267.38
274.16
265.88
259.15
264.20
280.20
272.62
269.72
285.68
279.29
276.87
272.81
259.60
276.23
265.15
260.56
264.63
282.79
267.97
270.11
266.80
274.76
265.55
282.56
275.85
275.18
276.94
278.42
279.00
284.41
272.64
286.57
280.82
287.98
269.87
272.48
297.75
271.10
281.64
292.08
283.35
279.24
275.96
288.48
266.90
275.10
276.58
262.76
269.23
280.97
281.13
282.40
283.64
279.68
287.29
277.51
271.89
274.36
286.34
260.32
278.23
270.35
279.57
280.73
279.88
285.98
277.80
285.62
272.43
263.23
262.27
266.52
269.36
261.62
250.85
261.34
268.42
272.15
252.27
250.20
258.70
258.07
243.61
260.95
254.42
261.97
254.18
265.82
261.83
260.37
259.40
267.48
263.90
264.06
260.06
271.42
255.09
271.49
261.62
253.69
258.01
248.99
274.31
259.66
261.98
261.07
255.02
255.48
260.14
254.36
249.27
259.90
261.75
253.56
246.22
253.54
258.26
252.19
257.84
280.12
253.41
258.33
259.75
260.42
269.90
254.27
253.99
261.94
279.85
263.90
265.83
269.20
260.41
255.63
257.43
258.29
255.34
256.32
249.15
256.71
256.73
251.34
264.59
257.84
270.22
255.49
269.02
250.36
257.38
256.90
249.82
267.54
259.04
259.64
259.73
267.46
264.46
254.46
256.67
263.20
263.61
254.62
261.81
264.30
256.57
254.34
259.03
256.81
252.57
260.63
256.53
255.42
261.52
262.18
258.82
259.49
262.08
250.06
264.25
268.38
256.55
247.44
255.92
260.22
266.85
253.76
251.13
257.61
255.58
257.26
251.07
256.64
251.79
269.63
254.72
263.32
260.81
263.30
254.89
250.76
243.28
264.93
261.13
256.13
262.12
243.00
258.48
256.95
265.01
269.53
264.51
258.34
264.02
246.80
266.22
252.82
249.32
255.64
258.28
243.82
260.51
253.56
253.12
264.19
259.65
273.12
262.68
268.06
261.96
256.87
267.60
254.69
256.91
260.91
273.55
268.77
259.65
260.94
259.91
263.96
261.78
263.74
252.19
261.00
270.83
268.21
264.75
271.74
256.57
253.71
256.75
260.92
263.44
263.37
260.41
263.25
258.49
263.22
246.88
249.50
258.45
254.83
264.19
264.35
247.80
263.65
261.34
248.89
258.73
251.87
254.88
276.71
254.75
270.26
265.21
265.84
259.11
259.49
248.38
247.94
243.20
248.47
254.89
260.91
247.88
264.05
271.41
267.40
257.09
258.01
268.81
282.44
267.17
265.64
275.01
264.60
262.11
277.81
270.07
266.55
260.89
264.59
272.67
256.11
254.10
264.82
264.38
260.70
257.98
262.80
283.17
267.55
256.83
273.57
258.35
257.24
271.87
251.81
276.88
260.87
264.29
274.91
263.07
260.01
276.17
265.78
264.58
277.43
266.35
261.33
268.45
264.87
261.00
256.39
267.64
267.67
262.63
270.34
265.59
270.21
255.63
274.17
272.05
274.52
259.75
261.22
264.08
268.58
259.75
257.33
257.51
267.78
260.40
276.71
256.95
266.85
267.71
262.63
268.74
274.24
271.39
259.76
263.88
259.88
263.98
265.55
266.99
262.73
264.15
264.61
272.50
270.08
267.61
269.97
256.24
273.20
269.93
267.91
278.17
258.21
269.22
268.41
259.19
268.84
264.27
261.02
263.31
272.23
264.48
272.12
280.24
268.70
257.65
260.69
250.53
270.20
262.03
263.87
269.87
259.05
262.41
275.23
284.82
268.18
268.50
272.76
261.70
262.16
267.30
255.44
260.83
260.16
270.53
273.79
271.92
267.29
265.35
283.05
293.56
280.42
274.59
269.45
289.47
279.62
294.89
281.89
287.52
280.51
274.78
275.51
280.95
288.62
301.07
290.93
281.07
284.76
281.74
284.13
275.94
286.15
276.65
280.06
262.29
273.47
260.88
258.00
277.57
259.74
260.20
258.76
268.17
262.34
266.19
274.42
273.11
265.28
266.69
262.70
259.14
254.65
248.26
266.24
259.57
271.32
276.00
268.71
271.20
265.41
257.18
265.72
261.28
262.32
285.15
260.02
263.31
259.47
261.10
261.68
264.08
263.61
271.40
267.90
260.49
255.78
269.11
274.69
272.69
270.62
263.36
248.90
265.27
255.69
255.01
259.23
261.01
271.25
286.73
269.75
280.98
272.72
261.33
253.29
265.86
261.16
269.04
276.42
273.66
260.64
260.83
261.62
271.56
267.96
255.94
264.60
265.85
279.72
254.34
260.25
266.15
267.81
261.76
262.82
256.35
259.74
267.10
264.53
257.09
253.14
268.28
271.33
256.00
259.53
264.66
264.48
262.99
273.00
276.79
257.99
261.95
260.57
250.44
270.01
253.87
271.97
263.76
260.33
272.17
271.03
270.93
266.31
258.46
267.74
276.12
274.43
257.53
263.19
265.23
268.94
276.41
256.05
264.53
263.57
266.06
271.06
270.59
260.82
260.70
263.97
253.85
254.35
265.50
264.93
286.06
260.11
271.68
262.95
272.57
275.61
273.87
264.78
270.03
269.86
266.73
265.44
262.95
268.78
272.13
262.41
270.43
275.04
266.73
264.38
246.60
259.15
268.84
263.65
261.29
263.31
279.69
263.02
270.03
262.45
260.79
263.92
260.59
264.59
282.58
278.46
262.20
261.40
257.06
265.44
272.61
264.88
259.35
261.21
272.61
267.67
261.67
265.95
255.88
252.39
274.93
272.59
260.17
267.27
255.20
253.99
267.97
262.49
263.72
257.98
267.15
280.62
264.72
270.95
278.02
264.89
267.02
270.08
262.78
264.88
253.38
260.22
272.93
268.36
274.53
257.14
303.17
293.52
288.24
265.02
280.70
281.85
273.08
267.18
280.35
259.70
276.63
268.04
279.21
274.65
271.63
275.25
282.30
269.87
269.77
271.53
276.87
278.34
266.60
283.01
278.39
288.75
277.34
272.73
274.91
274.41
263.89
281.43
272.29
273.22
281.27
289.20
269.65
278.76
268.40
279.65
270.27
268.26
290.37
273.34
269.50
276.43
268.28
280.22
269.31
273.86
279.19
277.30
274.63
268.69
277.72
269.70
283.36
279.13
264.24
275.70
268.15
275.06
273.25
268.72
281.69
278.72
273.14
271.36
274.73
269.96
280.30
274.33
277.91
267.41
269.15
268.98
269.29
277.24
278.32
278.32
297.79
294.81
291.93
285.32
293.25
292.74
296.38
294.42
299.31
291.56
289.17
293.10
298.20
294.86
293.12
292.02
290.57
277.03
294.61
278.51
286.87
271.83
286.86
284.85
283.31
289.10
288.51
280.62
283.63
280.59
281.15
285.11
281.71
290.84
290.80
284.52
289.15
277.47
289.78
285.91
271.60
284.99
283.65
284.17
287.12
278.79
287.28
282.87
285.63
292.23
272.25
277.93
273.84
290.39
275.84
285.93
276.75
279.15
279.54
278.65
274.84
282.01
278.97
285.11
275.97
276.56
277.01
277.50
282.46
280.98
268.16
277.06
287.75
272.59
264.87
282.65
265.53
267.72
278.17
279.29
270.89
276.08
278.53
265.55
273.32
268.35
281.53
279.57
268.21
266.46
266.64
272.01
264.67
266.55
262.96
260.42
272.09
263.50
254.45
269.25
262.89
260.63
265.37
268.21
266.22
266.17
256.94
249.44
256.34
258.09
260.48
265.89
258.45
262.15
260.46
257.74
256.11
281.75
270.76
268.74
256.64
259.85
261.73
250.04
264.14
272.16
262.59
263.27
268.83
261.22
262.96
250.52
256.67
268.27
274.34
266.04
245.36
252.37
264.22
263.74
265.80
266.30
272.46
260.09
256.91
267.16
262.22
265.43
267.43
272.82
274.23
265.91
270.63
263.49
264.33
258.21
274.31
266.77
251.71
265.42
267.62
249.97
270.08
250.74
264.60
260.50
242.15
272.26
254.49
277.91
264.92
261.43
266.74
259.22
257.85
273.38
252.08
254.02
253.26
265.18
264.73
259.34
278.92
275.47
276.65
262.66
268.57
270.48
268.20
280.34
264.36
256.50
262.63
263.98
249.88
252.04
272.92
257.57
258.07
253.65
272.55
278.06
265.17
261.49
279.87
261.52
265.09
261.50
275.15
255.18
257.11
258.18
266.80
261.55
256.83
268.14
280.17
255.72
263.69
262.90
264.24
264.52
271.08
262.96
263.74
254.30
264.61
284.67
274.80
265.52
267.91
260.11
297.46
289.20
270.95
269.16
277.36
271.74
283.25
276.87
285.40
279.12
276.47
284.67
279.06
272.99
291.96
288.41
275.32
280.00
284.11
291.16
285.71
289.12
281.95
278.31
286.06
295.40
270.44
285.51
273.75
267.56
269.86
282.40
278.36
273.01
285.86
274.65
284.37
280.55
284.53
279.53
274.57
279.63
282.28
275.69
276.36
275.14
277.80
281.60
290.58
277.40
271.68
272.25
282.18
277.78
277.33
278.55
278.36
280.66
288.50
272.55
272.66
261.27
265.01
267.92
265.84
271.06
264.67
272.36
265.72
268.63
260.42
262.37
270.13
276.48
273.04
263.35
277.63
274.02
261.13
261.48
260.61
263.97
269.26
271.14
273.90
272.21
266.71
265.37
272.57
269.75
275.71
274.40
278.93
266.52
269.70
267.48
272.64
265.41
267.85
272.47
268.86
269.50
273.92
279.06
277.29
266.54
269.66
283.06
260.53
262.83
272.37
267.03
257.45
261.37
266.10
269.13
282.44
265.74
271.06
269.33
268.78
257.57
267.28
273.07
273.46
270.60
265.27
261.82
279.29
259.91
266.04
278.33
276.55
250.34
277.00
264.26
263.51
267.72
265.25
272.53
259.35
258.33
269.53
271.43
253.19
251.91
251.38
269.25
269.27
277.54
257.05
264.39
261.09
264.04
288.45
262.86
276.87
268.88
257.91
270.48
267.82
256.21
272.65
271.15
260.02
267.00
266.64
266.64
267.22
264.21
266.13
261.73
266.81
270.28
263.68
264.34
273.04
265.43
260.66
271.98
267.58
270.58
265.95
268.44
278.37
269.12
262.87
265.17
271.32
252.56
261.95
258.18
252.61
264.54
274.58
271.67
261.52
256.75
262.35
259.22
266.04
275.86
270.29
269.66
266.99
254.49
265.07
292.15
281.12
279.23
286.43
290.40
281.93
279.61
279.02
279.04
281.80
282.07
274.81
287.62
257.90
279.51
272.72
277.92
272.56
274.75
275.26
286.42
284.37
286.70
274.24
290.00
280.39
275.83
273.39
281.28
274.15
280.65
284.77
280.71
280.72
285.89
265.37
269.06
282.70
295.29
273.70
267.10
265.37
270.92
284.87
279.66
276.02
271.26
286.22
289.92
287.68
287.09
312.51
290.85
292.75
297.56
288.25
273.71
291.57
283.45
291.22
281.07
291.23
275.37
280.85
273.40
268.97
264.35
264.01
274.61
270.83
274.26
279.79
266.92
263.62
266.85
273.35
275.00
278.34
260.85
274.19
271.17
271.04
284.79
268.48
265.68
267.73
265.61
279.09
279.89
266.96
268.33
262.09
266.11
276.57
266.68
266.39
264.72
270.63
277.84
265.81
277.73
276.20
283.58
274.19
279.65
276.04
266.36
277.50
270.67
277.95
273.44
278.04
267.83
273.50
277.02
279.38
284.38
278.51
283.84
275.45
271.76
271.94
262.23
278.65
272.29
273.59
271.48
271.63
264.14
274.11
269.92
278.02
266.35
273.27
284.50
259.48
275.96
286.52
282.70
292.80
284.44
280.71
285.53
277.92
273.35
273.46
278.21
273.16
259.93
264.41
283.21
279.64
262.83
271.03
273.46
275.54
277.53
267.34
276.25
275.26
276.72
270.55
267.17
277.61
271.09
275.52
267.37
278.22
267.32
273.85
276.92
271.75
273.62
262.05
268.75
272.84
284.93
276.36
265.72
287.25
279.70
265.24
268.30
270.68
267.54
273.53
280.41
258.73
268.38
271.41
271.63
278.64
276.31
270.33
277.95
280.62
282.94
270.23
262.85
281.62
271.68
276.10
269.96
273.12
265.61
283.61
271.25
278.74
270.30
266.22
274.97
275.57
267.10
269.82
269.17
286.37
275.96
282.33
268.64
276.32
279.35
271.01
279.78
274.01
268.21
268.15
278.86
270.07
273.65
269.15
265.47
271.57
262.69
265.07
265.70
265.04
267.95
251.07
277.21
267.83
261.94
263.62
250.30
262.01
259.84
263.85
264.71
271.66
262.17
253.94
271.23
257.08
268.80
267.76
264.62
265.60
270.20
270.80
276.23
260.06
252.75
265.11
263.45
266.49
271.14
262.58
264.62
259.93
270.44
269.81
263.07
263.91
263.30
275.62
268.75
256.14
264.74
258.88
266.72
244.23
252.62
271.80
269.57
262.90
261.99
270.01
261.51
255.95
252.46
258.65
262.40
257.86
260.98
266.33
261.41
256.69
246.85
260.40
274.55
264.42
266.70
261.66
272.01
277.51
262.60
265.75
270.25
265.60
253.42
258.84
269.36
263.63
258.65
263.11
269.75
259.83
263.25
261.62
267.11
267.56
273.98
261.81
262.10
262.18
269.78
274.86
271.46
256.12
264.32
261.76
261.66
272.41
274.07
249.81
252.90
263.92
266.84
259.58
255.83
268.62
282.36
272.76
254.90
276.96
279.87
260.92
299.53
291.04
287.07
286.87
288.98
259.43
267.53
252.15
260.29
258.20
264.92
268.78
266.44
278.13
259.47
267.43
258.72
264.80
251.82
272.68
270.65
269.75
269.09
268.12
253.46
255.87
262.13
264.45
261.45
273.70
266.93
257.42
261.43
259.97
269.90
255.05
259.63
273.15
247.80
273.60
262.76
257.29
260.77
256.89
260.83
265.27
277.00
261.52
253.82
266.66
256.96
251.03
257.78
272.57
278.08
269.87
254.62
260.20
267.30
266.65
259.44
261.88
265.38
292.17
264.31
257.78
253.66
263.51
259.43
275.54
272.54
260.33
256.28
268.96
265.10
266.61
254.63
259.24
253.76
269.30
265.54
250.95
264.23
277.30
256.72
270.25
259.52
268.59
261.32
256.57
269.74
265.55
273.03
265.14
258.86
262.13
252.78
252.00
247.96
270.25
253.24
259.15
258.70
264.53
263.53
257.48
259.24
266.44
271.46
257.67
270.95
262.34
268.38
262.04
261.76
268.50
273.40
271.05
260.18
260.80
263.42
271.51
263.12
265.09
266.71
264.71
276.74
276.46
287.51
268.36
251.87
265.15
256.52
262.88
266.00
262.91
265.55
261.42
266.05
264.37
269.93
271.13
265.94
262.50
258.20
258.19
267.94
266.62
282.34
260.12
270.03
259.24
276.62
256.02
271.05
274.50
263.83
267.10
266.77
267.67
263.75
246.30
259.32
258.86
258.10
245.70
264.70
258.51
252.46
256.35
252.41
256.83
257.18
257.92
260.30
258.00
262.64
251.34
261.24
262.50
263.92
252.16
273.21
253.13
257.29
260.71
258.01
257.27
256.51
266.49
246.16
246.64
269.01
251.80
264.31
245.94
264.46
272.06
250.27
261.57
247.75
255.28
260.21
250.33
259.22
266.44
257.01
250.01
261.46
252.76
258.25
261.43
250.57
273.87
278.53
260.16
250.06
264.11
253.56
256.92
258.56
250.02
252.76
267.34
264.20
243.82
257.10
257.22
259.09
259.95
249.99
246.56
266.73
268.17
265.08
262.24
256.79
265.05
264.48
249.63
250.23
272.99
267.71
262.95
257.44
276.69
271.63
270.90
275.63
259.51
275.11
277.26
281.51
288.44
277.59
280.02
285.35
272.27
286.28
274.09
285.14
282.06
280.05
284.56
284.73
282.00
278.61
277.86
276.69
271.51
265.65
278.65
289.13
273.65
275.84
276.35
284.74
278.61
277.03
277.00
278.10
277.09
294.86
278.82
283.62
279.99
275.17
268.46
271.67
271.63
269.05
262.53
263.15
271.80
273.18
262.08
282.39
267.59
264.94
263.74
272.07
264.87
260.31
277.62
267.30
263.06
272.46
276.47
268.78
268.33
274.73
270.73
271.42
273.33
267.10
270.18
270.16
279.08
263.32
264.50
278.96
276.45
265.60
248.94
266.93
269.02
272.18
259.62
261.40
275.43
261.28
254.99
264.23
265.59
264.62
262.77
271.70
261.88
273.73
268.60
269.06
261.41
264.55
268.34
270.67
270.23
253.19
270.35
257.13
269.95
265.29
269.31
275.03
261.08
265.62
262.00
271.83
271.48
266.22
276.05
284.51
264.12
278.64
276.75
260.26
262.73
270.84
262.01
256.64
259.76
257.57
275.39
267.59
270.58
262.87
266.99
273.35
262.54
265.84
278.77
265.41
258.30
272.92
271.91
275.80
269.14
262.41
266.18
277.40
282.51
290.28
260.75
263.57
268.98
257.23
263.34
268.03
260.64
270.07
267.78
268.19
279.74
257.86
278.80
258.51
272.74
291.16
295.58
281.42
284.60
288.53
297.00
287.24
286.34
281.40
276.66
291.45
281.05
286.91
285.24
294.81
289.87
285.94
283.32
290.88
291.49
302.46
280.96
289.85
302.30
284.00
277.90
277.08
284.47
291.38
275.48
276.64
290.57
268.68
277.97
271.85
272.66
275.56
272.52
271.24
276.24
273.72
284.61
278.76
279.86
281.18
275.88
270.34
278.34
271.93
278.92
276.89
273.20
274.61
280.86
265.72
268.28
276.87
272.79
275.28
271.35
267.09
270.12
276.96
267.51
276.19
273.07
272.16
276.14
267.98
263.28
265.36
271.12
269.78
278.73
263.65
276.22
274.63
281.24
267.30
276.14
278.72
279.15
269.38
276.00
262.41
265.04
270.14
275.47
271.49
269.49
280.71
269.45
267.42
269.88
267.70
262.48
265.99
272.16
271.77
265.26
278.27
265.29
277.13
267.38
267.53
267.97
269.42
277.45
280.14
306.91
289.43
294.78
286.96
288.95
284.74
289.86
284.75
284.28
286.37
290.51
294.20
285.09
277.86
291.15
274.30
294.59
286.43
274.27
281.00
286.66
285.77
286.84
281.09
271.91
286.08
271.52
280.44
277.04
279.69
292.53
281.84
277.09
275.60
281.74
284.79
279.78
274.77
272.48
278.59
281.66
278.79
285.92
270.70
271.45
280.80
275.07
276.75
279.73
282.41
278.76
285.85
275.59
278.18
275.25
298.81
287.96
284.53
292.85
285.38
275.66
279.17
283.09
288.23
264.43
285.12
270.13
296.12
274.82
268.89
281.74
283.92
267.31
273.00
284.56
282.58
279.00
277.55
284.10
289.63
278.75
275.59
282.69
273.68
274.93
280.79
276.48
272.78
270.36
270.42
277.83
275.89
284.03
271.28
284.44
281.77
276.66
265.07
264.34
270.03
281.17
281.73
271.73
278.79
274.76
276.63
285.56
277.47
271.87
271.65
279.59
277.60
287.24
277.34
285.62
280.28
276.84
275.99
273.88
272.44
285.77
271.52
277.15
281.14
271.87
273.71
279.09
285.19
288.76
278.06
283.12
284.18
271.57
283.79
277.48
280.91
291.25
274.26
274.24
277.13
271.84
255.77
262.53
255.89
264.57
266.07
263.07
265.99
269.11
263.36
265.29
253.93
268.67
255.48
267.37
265.16
279.06
260.56
274.94
264.65
268.02
266.79
276.13
256.66
259.51
256.46
276.18
269.67
263.79
282.72
262.76
265.18
258.69
255.39
293.48
295.31
272.39
269.77
269.14
277.76
265.10
273.34
270.86
267.47
274.88
281.10
273.57
256.69
285.70
267.25
265.43
269.21
264.78
277.43
269.43
273.17
264.40
273.87
281.01
282.11
287.56
275.70
279.54
278.01
273.89
283.32
274.84
278.58
274.31
269.93
285.24
282.45
284.93
290.03
268.81
282.83
282.15
273.45
276.40
279.13
266.64
292.99
264.98
277.30
275.09
283.03
272.16
276.68
277.13
276.30
260.04
276.91
275.20
280.21
279.60
280.86
279.11
276.01
278.98
277.68
264.28
274.19
285.92
288.12
278.52
293.50
282.47
289.84
287.90
269.59
286.92
273.16
286.59
273.80
274.05
275.68
264.42
277.28
266.84
277.06
274.24
276.12
273.09
271.94
285.52
268.42
273.27
270.32
275.97
280.44
276.21
275.28
277.55
276.64
274.70
270.73
273.94
278.35
280.44
278.48
262.40
275.14
286.03
280.45
270.43
283.95
278.28
268.18
265.21
269.32
272.29
277.79
272.00
267.77
268.54
274.56
275.44
271.21
276.71
274.66
285.95
264.75
275.35
274.20
280.35
272.14
264.21
269.48
268.97
259.92
269.22
270.13
260.29
263.10
263.01
272.54
260.78
260.43
266.17
273.82
262.53
271.98
263.17
258.08
266.18
261.00
261.54
267.86
268.14
264.45
266.34
264.96
267.63
266.23
251.96
279.65
270.52
273.12
267.45
268.79
275.79
268.30
270.79
261.07
271.35
273.05
264.37
260.04
267.97
255.92
252.61
267.11
262.29
272.02
271.48
256.58
256.65
251.63
272.38
253.28
277.83
269.09
265.12
266.13
265.64
270.47
256.40
251.64
258.15
272.63
262.73
272.97
276.36
270.45
265.65
262.44
259.58
263.01
259.70
273.13
272.72
284.65
256.01
268.48
265.51
267.48
263.45
254.11
268.81
267.02
253.96
272.62
270.64
256.11
258.73
269.55
280.89
270.29
263.58
270.48
260.11
254.77
257.33
283.61
267.07
272.49
264.18
272.96
272.22
264.74
252.53
267.09
272.94
264.12
268.77
258.96
271.72
262.86
259.90
260.63
262.89
270.57
270.69
265.23
279.59
259.80
273.07
271.30
260.70
261.20
263.07
267.43
275.79
269.43
271.52
264.78
268.30
271.50
275.66
274.03
279.69
288.13
289.06
266.75
263.19
263.56
275.26
267.80
267.60
272.24
268.74
285.43
288.64
282.83
308.37
277.69
267.23
281.06
259.51
260.75
270.17
256.72
272.15
272.46
265.99
270.08
269.95
263.74
263.56
273.08
267.85
275.79
264.08
266.31
269.21
265.87
273.54
271.43
269.79
261.62
267.82
270.67
267.26
272.82
264.49
261.42
260.79
271.36
255.16
276.96
271.42
273.04
261.05
270.87
272.63
279.66
263.86
258.72
265.16
266.71
257.08
271.79
276.02
258.67
270.14
262.14
269.87
267.52
258.10
265.58
274.03
266.31
258.74
263.00
253.45
273.22
263.91
246.75
265.72
254.31
263.05
264.26
271.04
285.46
249.51
270.08
256.97
259.13
268.63
256.77
260.05
262.31
272.81
268.29
266.19
255.37
258.15
267.98
270.03
260.81
258.44
254.76
269.76
266.20
258.78
253.95
262.68
258.23
260.69
260.24
259.47
255.83
256.79
255.79
262.59
255.31
256.01
264.77
266.55
269.15
268.10
269.78
264.48
253.50
268.55
262.16
258.67
266.56
273.71
274.70
257.20
261.87
259.56
257.80
253.85
264.42
246.65
255.69
259.31
258.12
255.73
273.74
266.22
265.48
286.14
271.61
261.32
276.11
267.81
272.23
266.34
257.33
280.12
266.85
270.81
255.64
257.19
263.05
251.05
256.95
255.99
260.98
261.17
249.21
269.64
261.59
257.69
266.64
259.71
259.02
266.26
257.09
267.42
258.26
260.01
267.68
269.45
259.25
257.07
271.33
264.46
256.58
274.93
261.44
262.87
255.05
251.49
263.91
241.39
248.42
257.62
255.28
268.70
253.34
255.80
262.06
264.38
244.08
259.27
264.25
266.71
262.56
261.52
262.93
264.93
248.48
245.74
251.75
274.10
264.62
252.73
269.93
262.58
257.60
255.17
233.93
250.81
248.88
255.44
257.69
262.04
266.07
258.93
261.30
265.62
257.76
261.87
259.62
256.41
246.90
259.85
265.69
252.99
255.38
256.39
246.55
258.08
254.05
255.28
250.11
255.70
265.53
263.80
256.34
260.26
268.20
258.33
255.37
264.54
263.17
268.88
251.16
257.25
262.53
254.45
250.53
260.87
268.01
279.69
279.35
277.02
273.00
276.38
267.54
270.82
268.46
264.83
268.33
269.39
273.81
254.78
265.65
256.03
256.99
260.35
266.72
240.64
257.50
261.30
240.94
252.37
251.72
265.05
267.31
267.98
260.20
252.72
256.06
252.17
254.63
266.07
254.15
260.91
265.13
268.19
261.10
249.91
259.13
258.94
261.08
266.64
258.48
248.38
257.90
262.62
246.35
253.18
247.90
254.96
272.54
249.68
251.40
255.79
249.69
256.31
252.06
261.21
274.98
260.24
267.00
262.35
248.98
253.90
252.59
246.85
266.53
259.27
256.11
253.46
286.55
270.09
257.33
271.87
270.15
257.90
265.99
260.17
265.55
268.50
266.68
264.14
265.08
273.14
273.98
272.53
265.40
265.46
266.20
269.78
264.00
268.59
279.48
267.85
271.77
287.45
272.25
272.23
272.36
271.88
284.37
269.35
266.79
263.48
277.73
267.88
275.66
286.93
270.73
265.15
281.22
276.23
287.23
269.70
265.78
261.34
268.80
271.85
278.25
277.18
276.90
276.39
260.06
269.25
279.29
269.06
267.58
268.02
284.55
290.44
268.87
290.13
282.44
295.96
282.10
273.47
289.09
267.70
270.30
290.92
277.84
288.90
282.60
285.03
271.68
276.69
276.46
272.03
269.00
260.34
259.94
252.14
258.42
268.60
266.28
265.55
275.42
268.60
271.59
276.22
268.96
263.06
265.00
269.14
272.52
262.04
269.64
269.22
264.79
259.10
267.77
271.73
275.54
274.36
273.71
269.70
263.44
258.97
275.74
268.38
283.96
270.03
261.22
262.18
267.39
270.00
256.96
253.64
268.29
272.99
266.16
255.01
258.49
269.65
279.97
273.94
257.57
270.53
274.64
269.08
264.67
265.12
267.44
268.92
254.08
274.77
265.99
260.33
276.06
262.11
257.20
266.87
260.98
268.85
271.11
267.99
253.54
261.85
266.48
271.06
271.23
275.39
269.85
280.93
263.58
282.35
279.90
274.50
268.29
273.82
274.61
277.74
274.18
259.60
275.24
268.99
270.09
261.54
270.90
274.98
268.29
262.48
262.49
270.16
264.21
279.55
279.03
271.53
276.55
271.93
263.56
267.90
266.57
262.11
270.00
256.99
257.77
270.38
260.10
265.04
261.06
258.43
269.35
255.43
254.16
257.10
270.85
266.78
261.87
258.98
260.17
267.72
260.66
270.61
263.15
265.09
252.23
271.85
267.95
247.61
259.55
262.23
245.69
261.96
249.07
267.22
261.09
273.66
259.97
267.70
259.28
251.85
273.87
277.09
271.76
253.69
244.80
253.68
250.44
262.34
269.16
261.37
240.50
250.92
261.33
264.21
257.53
256.26
260.07
257.22
271.57
269.45
270.03
266.33
256.36
277.72
269.51
264.59
262.04
266.85
260.36
251.68
262.58
266.67
258.83
254.04
268.10
260.00
265.79
268.71
261.49
253.49
250.75
252.66
256.08
259.43
260.35
267.64
244.97
253.75
247.96
254.77
268.03
268.45
267.75
246.79
257.03
250.48
264.54
247.89
246.38
256.08
269.73
259.39
257.16
249.28
268.22
255.43
253.70
257.61
261.63
259.36
261.08
260.78
259.98
271.98
264.76
260.62
261.67
269.65
251.95
271.72
266.88
255.39
266.62
269.92
264.78
261.63
253.18
268.81
258.17
265.27
261.81
254.89
269.94
269.34
270.30
265.52
254.25
267.81
258.66
271.57
272.10
269.05
264.67
267.01
252.39
271.65
270.07
263.24
258.42
254.38
251.96
255.24
263.11
266.71
265.47
260.26
255.58
261.49
253.66
249.37
256.13
256.45
256.76
247.97
250.34
263.68
259.36
260.18
250.66
271.83
247.25
245.28
266.56
251.85
256.74
255.80
265.28
253.85
262.41
244.22
257.71
272.08
252.30
261.37
266.45
255.78
244.38
265.80
256.63
249.97
251.54
263.13
259.98
259.15
255.72
276.62
277.48
266.36
271.43
273.37
279.58
280.48
283.03
277.48
266.26
271.70
271.09
276.61
276.99
278.36
267.15
271.69
286.45
297.62
279.96
278.21
279.07
285.90
276.33
270.10
254.51
265.79
258.25
260.17
257.71
264.65
260.73
264.12
269.76
258.52
274.15
261.48
259.22
269.92
246.57
270.06
256.74
272.84
256.00
250.74
256.35
262.94
262.66
257.54
252.13
263.43
260.63
250.45
254.75
265.11
255.17
260.98
273.87
250.24
261.99
258.30
249.02
256.37
263.38
263.31
257.85
242.52
250.19
260.96
253.32
255.31
258.06
251.30
257.45
257.98
274.47
258.34
251.42
244.89
267.81
265.58
257.37
254.36
268.42
266.33
262.04
262.86
255.85
255.88
255.12
260.41
265.77
262.14
263.58
259.99
266.94
264.89
258.67
256.45
254.82
261.60
272.25
264.96
264.90
259.39
261.15
258.30
265.73
278.16
268.85
267.62
261.70
264.71
270.20
266.77
270.89
270.64
263.93
281.85
274.81
271.30
276.18
255.17
278.09
258.66
266.51
269.95
271.18
270.91
262.04
277.20
265.16
268.14
266.62
279.16
272.78
274.00
265.28
260.16
253.22
277.82
262.53
259.79
278.99
258.01
282.83
277.19
265.29
278.53
265.02
274.37
273.86
259.25
261.06
265.74
255.06
256.65
268.95
260.92
273.14
261.65
269.09
272.66
266.88
282.40
258.89
264.02
271.90
262.81
266.68
262.39
268.00
267.95
280.20
270.88
275.04
275.18
268.85
274.34
271.66
251.34
268.50
261.20
269.40
275.48
254.57
264.02
265.45
269.29
268.67
254.01
261.05
259.18
262.05
274.53
277.53
279.03
267.31
280.91
267.24
268.70
270.97
261.47
258.22
275.77
269.27
257.58
268.87
271.07
268.24
262.27
277.76
273.23
260.09
255.91
275.49
265.20
276.68
274.91
265.26
259.51
261.35
256.97
243.16
260.76
258.98
247.93
256.09
255.93
244.84
247.14
247.76
270.66
275.87
259.05
257.44
257.96
269.78
267.84
268.41
268.69
257.24
266.06
257.35
272.93
251.28
269.83
261.78
258.73
255.73
258.66
260.03
257.29
260.66
256.38
269.85
253.08
262.53
263.94
267.58
268.44
275.47
257.25
269.77
263.28
255.33
249.89
264.17
262.89
270.30
267.03
257.73
257.88
260.34
263.22
273.67
251.34
264.14
259.79
261.92
263.79
255.00
259.82
266.26
245.68
253.65
253.73
271.80
254.37
249.58
262.64
261.51
267.03
267.77
265.38
264.26
257.95
258.08
269.08
262.61
253.75
258.97
270.63
269.80
267.54
274.43
261.85
261.95
259.50
249.10
252.94
260.24
262.99
256.33
254.54
278.80
252.50
265.36
253.51
255.34
258.42
267.55
267.18
272.42
263.93
257.49
269.76
255.49
242.23
250.53
247.23
255.04
253.99
260.12
254.99
259.38
251.36
249.57
266.90
259.33
260.16
265.61
268.62
269.28
254.66
270.78
270.59
256.25
259.15
251.66
267.16
256.13
259.68
254.25
259.97
260.10
260.37
252.16
263.94
267.10
256.51
251.60
266.86
259.92
278.97
255.88
247.65
259.65
257.30
255.50
256.29
254.34
255.16
257.05
269.96
287.25
274.24
273.39
272.84
275.23
300.71
278.12
275.18
292.40
281.88
277.88
276.86
283.39
296.75
276.50
275.52
265.18
270.08
279.13
285.58
276.21
276.44
274.26
274.42
270.61
280.51
285.87
284.10
280.23
278.34
260.77
273.14
270.38
276.03
273.06
274.29
288.37
281.07
291.45
289.75
285.96
284.48
283.83
273.54
280.04
294.65
287.52
279.08
288.60
281.78
288.04
283.16
293.05
295.52
304.90
296.21
296.48
274.09
288.16
267.33
273.52
276.77
275.81
275.67
276.83
267.60
278.71
281.50
267.43
263.05
255.14
265.72
267.89
273.61
269.15
266.95
267.59
267.66
262.53
269.41
273.87
271.93
268.46
269.92
271.01
270.20
267.95
269.13
276.42
264.20
272.22
277.07
272.19
257.18
272.56
267.71
276.62
272.33
263.60
276.17
274.15
279.18
262.62
278.17
271.08
264.23
269.22
259.38
269.73
262.58
254.49
259.68
276.22
265.32
278.39
272.65
259.53
283.32
266.25
283.42
264.83
259.31
274.01
264.36
267.40
264.43
277.93
268.04
266.52
257.74
270.57
274.96
271.41
263.27
268.60
253.07
266.88
263.54
258.61
259.34
263.58
260.63
267.84
280.26
271.88
261.89
260.80
260.46
267.34
264.48
278.15
266.80
256.13
267.58
278.81
264.71
271.47
259.59
258.41
284.70
285.18
286.96
271.64
286.13
283.14
278.75
265.95
272.22
276.08
258.63
265.48
269.07
272.40
261.65
269.44
272.10
268.05
274.00
273.05
272.47
272.28
275.21
272.74
268.67
268.69
262.49
267.51
257.95
277.97
271.59
270.52
273.14
298.87
295.97
302.07
281.76
276.57
273.86
282.23
281.49
275.38
286.93
268.78
282.03
268.65
259.17
260.63
260.11
264.29
269.50
265.81
270.85
262.37
248.73
249.25
255.42
273.36
273.70
262.51
243.10
253.94
257.12
273.04
269.01
259.66
271.52
265.75
280.57
262.77
263.23
259.27
260.73
257.32
273.07
276.06
272.83
271.01
267.47
269.28
280.45
262.45
248.95
260.17
264.52
287.37
279.71
263.26
267.57
278.16
267.46
253.38
272.51
273.54
273.76
270.40
278.94
266.50
261.89
267.50
261.07
265.55
258.41
272.76
257.24
269.76
267.94
260.05
266.29
263.02
270.99
267.79
266.03
266.04
258.27
272.46
262.88
260.86
262.87
263.34
261.33
268.15
257.72
263.03
274.47
263.28
263.80
256.33
253.78
272.30
253.93
246.91
263.27
268.39
256.50
259.05
267.02
263.45
251.25
269.31
277.79
269.88
275.23
265.68
257.77
263.06
266.52
267.41
270.73
262.33
258.53
280.11
268.50
266.36
260.12
270.87
266.65
272.22
260.78
259.68
263.10
269.21
259.61
270.50
261.89
262.09
267.54
249.91
256.05
257.72
272.19
262.91
267.31
268.32
264.41
270.93
271.30
258.70
263.22
253.69
267.54
272.38
260.04
260.76
280.65
265.23
263.47
269.34
268.76
268.64
271.12
261.42
259.81
267.11
263.95
259.96
263.96
256.57
255.57
261.45
268.67
269.34
263.64
274.13
262.51
260.26
267.44
276.35
261.83
263.98
262.92
254.64
266.73
292.15
294.89
281.53
281.38
277.41
274.04
281.49
280.60
279.76
270.97
279.82
266.41
268.95
271.78
273.12
265.12
265.44
281.44
275.21
284.34
275.37
269.22
265.35
280.46
287.86
273.78
261.84
279.15
260.86
273.10
279.86
273.09
253.14
270.50
271.99
276.91
272.49
265.66
286.17
274.39
264.03
260.91
281.24
270.85
269.85
282.75
282.79
267.56
280.57
288.53
282.22
280.21
274.63
279.50
276.72
276.91
273.81
272.96
276.99
267.09
276.52
259.44
273.25
273.81
282.45
280.01
255.02
279.68
279.35
275.44
267.71
267.40
274.10
265.21
266.49
260.36
278.43
278.80
275.71
274.45
270.29
272.66
274.62
281.42
287.50
266.52
262.86
277.82
276.07
273.78
271.25
265.76
250.00
285.78
267.57
271.07
265.09
268.63
271.79
274.10
279.22
264.98
256.79
258.27
269.61
267.23
273.95
252.83
258.14
268.31
275.37
271.28
264.72
289.76
280.88
296.14
287.24
288.27
291.17
273.55
267.93
262.42
287.26
274.56
269.32
258.23
271.20
276.43
274.44
284.00
277.85
275.65
274.54
274.12
275.69
270.52
274.46
279.74
259.55
272.08
272.06
274.57
271.93
276.81
268.01
263.77
271.17
