519.58
524.66
519.35
531.24
517.24
519.05
519.81
519.26
519.56
519.76
526.53
518.66
525.53
527.39
521.87
522.21
518.81
517.98
530.43
530.07
523.95
530.10
528.89
518.50
531.38
532.76
521.51
528.21
530.48
521.71
531.53
520.42
521.66
533.29
521.56
532.60
520.48
521.92
520.21
527.00
521.57
523.70
524.30
527.85
521.37
527.36
520.91
521.63
517.63
522.14
516.71
530.45
517.29
524.17
521.36
519.33
522.91
534.08
529.28
528.64
520.45
523.12
520.52
529.25
529.66
524.03
522.14
520.19
517.21
528.83
527.40
521.20
531.01
530.90
529.80
527.04
517.01
535.18
519.47
525.55
533.05
530.57
520.97
531.66
519.36
524.14
533.74
520.67
518.72
530.64
525.04
530.16
522.84
522.03
527.51
526.59
530.03
520.66
521.29
522.64
518.32
515.11
523.08
525.82
522.88
527.34
520.33
528.53
524.23
518.24
514.99
518.25
518.27
520.86
521.59
527.69
532.61
524.74
515.67
529.76
518.71
527.66
517.20
518.57
530.09
523.99
521.04
515.49
517.93
529.45
521.01
520.01
520.16
521.97
522.16
517.94
518.59
527.26
531.25
528.53
531.78
515.02
520.03
532.44
530.51
521.17
518.36
522.60
524.25
523.04
515.09
521.61
526.65
524.80
523.50
523.14
523.42
522.96
531.04
515.37
521.21
520.70
531.25
517.95
519.60
531.06
522.00
529.83
518.37
528.21
513.18
529.50
513.68
517.30
526.06
529.11
515.50
520.53
531.54
523.60
527.78
520.85
520.83
518.34
530.09
523.09
524.66
521.55
515.69
526.70
514.07
531.69
517.18
528.65
518.47
524.52
523.77
530.36
522.62
528.42
530.17
521.61
524.47
516.30
520.68
526.20
510.75
526.30
531.55
531.07
518.07
531.39
527.20
525.12
531.42
531.31
526.26
530.65
525.91
531.22
518.43
520.12
531.11
517.65
528.03
516.78
531.12
515.19
513.10
532.22
531.53
526.09
518.50
522.85
521.17
529.23
528.11
518.32
522.65
526.86
526.36
531.68
516.12
521.70
520.68
529.66
517.49
519.11
516.58
530.45
523.75
519.65
517.30
527.76
517.72
525.93
524.22
511.66
525.33
513.77
527.83
529.37
517.51
531.30
526.16
517.15
519.61
527.71
524.92
519.29
531.48
528.44
530.15
525.71
518.18
517.93
521.15
525.25
509.54
529.29
522.71
525.59
520.77
521.88
520.25
527.47
513.96
511.82
529.51
518.98
528.85
518.29
529.73
532.21
531.62
528.21
526.33
513.50
527.50
527.88
527.94
510.79
529.79
527.10
517.65
514.77
523.48
518.20
515.17
524.62
519.60
520.46
519.26
519.23
524.06
530.18
511.05
511.68
528.06
519.86
515.06
518.60
526.77
521.81
524.73
522.49
528.36
527.54
520.33
529.43
521.66
525.84
518.57
522.43
519.72
525.71
519.04
518.35
522.23
525.34
524.03
522.41
524.77
518.43
526.58
516.00
531.08
524.65
517.30
524.17
531.83
527.46
528.60
523.09
528.53
518.59
532.84
527.31
520.69
514.44
524.71
516.63
518.39
528.09
518.93
521.27
522.68
531.30
525.08
519.87
518.06
528.17
518.75
521.64
523.17
521.53
518.12
520.32
518.99
520.78
528.08
530.67
526.02
527.49
525.14
528.61
523.45
531.10
519.84
521.13
524.68
527.99
534.24
518.19
520.16
520.49
519.28
520.59
529.88
519.36
523.70
519.45
530.95
525.52
523.48
532.87
520.64
519.58
519.73
522.38
518.18
531.76
520.86
521.14
520.59
531.85
524.50
528.05
523.56
530.28
526.27
524.97
523.33
520.83
521.61
530.01
523.82
526.77
517.96
526.46
530.91
519.56
516.60
520.21
530.90
528.72
525.82
524.73
517.60
518.92
529.83
528.36
531.65
530.82
527.93
530.68
529.67
528.29
530.85
531.86
525.85
531.02
531.63
526.26
528.85
525.01
531.56
521.12
526.54
523.19
521.00
522.04
522.30
517.74
530.87
517.48
521.32
521.07
529.29
529.36
524.03
522.69
517.89
527.63
532.34
525.77
518.12
524.21
518.47
518.75
521.02
530.97
518.32
527.24
525.99
518.35
531.88
521.79
520.98
520.44
521.64
523.79
521.86
527.11
531.55
518.25
522.51
520.49
518.15
517.88
533.83
520.49
518.97
523.12
520.00
531.62
532.58
524.56
518.50
528.83
523.99
528.46
527.80
518.64
528.13
524.69
522.47
531.47
526.91
518.75
533.12
524.31
521.71
526.84
522.95
521.20
529.65
517.27
528.63
524.24
521.35
522.71
531.74
531.65
526.17
519.68
519.05
519.92
519.52
520.70
534.71
519.91
519.00
520.15
519.58
522.62
520.48
519.61
519.55
529.80
520.78
528.35
524.92
528.77
523.21
532.39
519.45
519.80
521.41
527.92
523.78
523.18
528.84
529.58
528.31
530.51
525.55
524.37
532.00
523.38
528.66
529.70
517.28
527.45
517.38
522.75
518.50
520.17
521.70
520.52
522.75
530.21
523.63
524.72
520.58
523.25
525.42
524.68
522.11
519.81
525.25
520.93
528.48
524.52
520.34
517.83
521.06
529.10
524.51
518.49
533.26
519.81
526.72
529.40
523.99
512.81
516.74
513.79
521.65
521.94
515.74
523.17
531.00
522.02
517.62
522.33
521.99
516.48
529.23
518.16
527.36
532.30
519.76
522.58
518.63
527.77
522.14
515.80
519.53
528.04
523.78
518.73
518.89
515.17
531.58
517.35
523.46
529.99
517.73
518.69
520.03
512.46
517.43
522.44
523.26
530.26
520.65
527.77
529.89
523.98
528.70
522.80
518.33
519.63
519.23
524.28
522.48
519.88
531.24
523.94
521.13
527.89
525.45
518.52
517.78
529.52
526.05
524.40
518.67
511.31
518.67
522.77
525.04
520.55
514.86
530.83
519.21
513.96
527.68
517.07
518.09
519.88
519.09
519.56
515.17
530.50
512.07
513.96
526.70
526.06
521.68
522.33
524.93
525.59
522.19
514.44
516.32
525.48
529.13
521.55
532.46
518.37
531.66
529.34
527.93
530.07
526.83
526.50
525.18
527.84
527.91
530.81
529.47
525.26
526.37
523.77
527.88
531.50
528.26
528.96
528.05
523.84
524.45
529.89
526.71
526.51
531.89
525.78
531.56
532.32
523.01
523.03
515.37
528.38
531.39
516.77
532.31
515.57
522.86
523.18
519.03
514.27
519.15
530.33
516.92
523.69
529.73
522.49
523.27
523.96
521.81
529.21
515.86
528.05
530.72
521.73
514.17
529.10
530.74
528.95
527.75
525.48
520.54
523.37
520.22
511.39
526.35
511.81
518.10
521.92
525.16
517.37
519.17
530.67
517.10
521.35
520.51
515.22
515.03
525.61
530.57
525.36
513.87
519.76
530.55
520.14
522.72
530.94
526.45
529.64
530.56
531.54
518.90
528.08
520.86
521.71
514.25
531.33
523.01
526.15
518.18
524.29
516.69
522.39
530.33
522.72
522.93
523.50
535.75
529.43
531.62
531.52
526.69
530.53
530.78
530.98
528.83
530.18
530.42
530.97
531.25
530.88
531.53
531.09
527.46
531.52
531.57
527.76
529.36
532.22
530.88
530.37
530.23
530.81
530.73
530.69
531.71
530.36
528.60
531.35
529.46
534.12
532.36
530.37
529.42
530.67
524.98
531.36
532.50
527.33
530.57
531.01
530.37
531.68
529.25
529.93
531.43
530.83
532.37
530.26
530.32
528.92
530.13
530.84
530.71
527.56
530.45
527.77
530.10
531.20
527.28
521.19
527.33
527.89
526.66
528.91
528.54
528.94
517.21
513.67
526.12
527.88
524.02
512.40
525.74
526.19
522.97
527.21
509.41
509.96
527.07
517.38
516.42
521.52
516.92
526.18
511.84
527.87
512.36
521.49
531.58
526.81
525.57
518.98
519.28
527.10
531.10
519.97
519.92
528.66
531.64
521.94
518.02
530.70
521.65
520.62
530.68
526.79
515.52
514.68
529.32
531.17
514.67
521.73
521.53
525.36
520.36
519.34
524.96
520.51
530.13
529.69
521.46
531.35
519.47
531.02
515.66
519.81
523.19
523.68
515.85
522.04
529.80
516.98
513.41
521.65
528.17
526.51
519.84
527.99
526.26
526.21
532.18
514.83
518.43
530.36
524.86
519.34
530.87
520.48
520.90
521.77
513.33
525.96
525.76
521.34
526.77
531.81
515.37
521.80
529.97
522.28
530.70
516.06
530.54
517.57
528.70
522.95
523.20
529.18
512.61
529.71
524.59
525.27
525.91
514.72
518.54
515.32
519.28
527.52
519.49
528.08
513.18
521.67
518.46
530.95
521.76
523.92
512.67
529.73
524.32
517.88
526.26
522.38
518.60
530.56
519.91
528.67
521.75
520.03
531.04
513.04
525.41
515.99
513.00
530.91
515.40
519.73
519.71
515.89
525.52
519.91
521.00
528.61
516.67
525.20
527.98
523.50
522.93
528.69
517.78
530.98
522.68
517.35
528.13
526.23
521.83
518.87
527.73
512.99
527.78
525.85
530.32
519.48
526.42
531.42
520.53
525.70
525.94
530.57
529.88
528.31
519.05
526.10
524.35
515.60
529.41
525.79
526.80
530.78
521.29
516.90
514.20
521.04
516.68
527.73
536.69
522.36
519.53
523.62
517.45
521.93
520.64
523.03
516.53
528.96
510.76
529.72
532.38
529.24
533.34
532.31
528.46
529.06
532.18
530.27
526.35
530.70
531.56
530.16
531.33
531.02
520.15
517.45
520.26
523.58
523.50
515.94
526.03
516.28
526.50
521.57
531.78
528.06
520.42
524.61
525.11
528.63
520.01
529.30
526.86
528.16
524.29
516.72
530.81
517.19
512.32
529.68
527.43
525.61
522.78
528.43
525.86
524.79
524.32
531.90
528.80
518.26
522.42
527.45
519.22
519.78
529.42
530.28
524.15
522.20
522.19
514.77
523.73
523.03
522.67
520.48
523.36
529.52
520.70
526.20
521.44
519.10
521.39
529.37
516.41
519.98
523.30
528.58
531.38
521.16
528.24
526.04
527.39
517.64
521.24
517.20
512.91
520.77
531.18
518.91
528.04
521.03
521.23
521.23
530.80
514.58
518.89
523.52
516.85
522.46
520.71
521.45
514.00
518.67
520.38
532.18
518.75
528.99
521.62
521.93
516.85
521.75
530.38
518.43
531.03
519.08
526.08
530.23
520.51
531.08
524.73
523.63
522.33
517.23
530.16
525.25
521.77
522.82
511.63
531.69
520.14
515.12
521.92
513.88
532.08
531.07
525.75
514.35
512.51
515.94
515.58
516.56
516.95
510.57
514.21
517.35
511.91
514.53
514.48
510.83
516.11
518.57
512.35
516.62
516.64
519.00
511.87
519.74
511.90
518.35
513.18
513.09
513.46
511.92
515.26
515.21
515.98
512.61
512.77
517.06
513.10
517.59
513.26
514.65
522.85
521.57
516.94
511.90
513.61
513.68
511.98
514.12
511.45
514.06
514.14
513.53
514.37
518.74
512.26
514.41
518.37
517.12
519.13
517.13
521.46
521.65
516.52
516.89
516.33
515.71
513.71
509.81
514.08
519.39
518.67
515.80
513.28
511.89
516.08
512.71
512.91
513.68
513.68
517.55
521.09
512.25
511.11
512.37
515.54
515.39
515.45
515.20
513.14
511.56
512.88
515.76
512.83
512.86
520.28
513.17
512.81
511.37
511.91
516.36
519.25
513.27
511.83
514.32
516.30
518.79
513.05
513.26
515.20
512.28
514.18
511.74
512.49
516.04
517.68
511.46
512.75
517.66
512.04
512.07
514.20
512.86
511.57
514.10
519.54
510.96
516.78
514.09
512.71
514.25
513.81
515.62
510.67
517.71
513.84
514.22
513.62
513.83
511.67
511.80
514.47
517.39
515.86
512.89
516.04
513.77
511.28
513.92
517.46
516.05
515.37
518.66
511.22
518.43
516.76
512.14
510.11
519.57
513.54
512.34
512.94
517.65
512.80
513.15
511.31
512.31
519.33
514.64
520.64
512.64
512.19
511.00
512.35
511.76
512.96
514.14
515.28
515.84
518.82
511.56
512.51
513.30
511.01
516.12
512.63
516.05
517.01
516.20
517.52
514.72
512.36
512.09
515.49
514.82
517.45
512.33
511.73
512.88
510.68
511.10
517.66
515.89
515.18
515.68
514.60
515.25
520.59
516.16
514.41
516.34
514.07
517.67
511.98
514.94
513.39
512.65
512.94
513.63
512.80
511.24
511.39
512.42
512.24
515.40
513.21
515.51
513.54
515.26
518.73
512.91
511.96
517.11
515.26
517.90
514.10
512.49
512.08
513.75
513.05
511.43
510.45
512.10
512.34
510.63
513.65
513.03
514.29
511.51
516.93
512.77
511.64
512.52
511.38
512.60
517.28
515.07
511.90
513.36
516.86
510.18
514.87
512.51
513.23
513.77
511.04
514.60
515.17
512.49
516.99
516.56
513.38
511.15
512.96
513.21
511.02
512.02
512.28
512.84
512.03
511.90
514.40
519.90
513.34
512.93
513.21
513.81
512.25
512.52
513.95
510.54
513.08
513.83
518.50
516.72
514.02
511.84
530.60
529.47
531.36
530.57
533.75
530.76
531.88
532.23
538.36
532.30
531.37
531.79
527.77
529.36
532.26
532.14
530.14
534.35
529.12
533.11
531.53
537.02
529.68
530.83
531.38
531.27
531.74
519.77
520.50
529.03
523.50
519.47
515.78
516.95
520.55
520.40
514.00
527.39
524.70
524.43
520.77
519.57
518.85
523.81
520.91
521.78
517.24
521.91
527.59
528.31
527.38
530.37
527.74
518.56
515.71
514.56
516.22
530.47
530.24
523.18
524.20
521.84
512.96
517.48
529.87
518.45
516.81
519.57
526.88
521.23
519.88
521.38
513.52
528.15
527.78
515.52
523.74
529.15
528.84
516.79
517.59
525.76
531.64
530.98
519.87
525.71
517.03
524.25
530.84
521.00
529.80
525.55
516.21
514.68
519.60
518.61
527.58
523.13
531.11
532.75
532.37
531.26
532.77
530.55
528.79
530.68
533.49
530.82
531.83
528.39
529.35
529.20
531.71
530.84
530.95
531.07
530.09
531.13
532.24
531.99
530.46
535.50
533.01
532.25
528.65
532.70
530.30
530.97
532.19
530.10
530.61
532.46
530.93
532.96
532.36
529.82
532.61
530.21
530.62
537.28
530.45
532.22
520.29
516.96
514.47
527.87
530.40
525.19
510.10
514.38
515.78
526.40
521.71
526.25
516.92
521.23
516.76
521.56
531.07
532.01
522.11
522.38
526.72
519.74
523.16
513.25
519.08
513.17
521.03
532.62
524.88
519.83
516.44
526.37
518.48
519.00
517.63
531.06
512.24
526.04
512.33
519.98
530.08
522.97
522.81
529.87
523.49
519.49
523.22
523.99
521.14
526.54
513.41
527.22
525.38
526.66
516.03
528.06
523.82
523.09
530.92
518.29
519.21
530.94
523.39
524.14
530.59
523.46
517.89
525.36
517.54
522.44
527.29
522.14
527.89
525.33
529.06
528.15
518.81
524.48
517.39
523.70
529.03
523.16
522.03
527.15
530.27
526.03
520.05
525.41
519.15
519.18
530.56
525.16
518.70
524.90
521.89
523.64
523.57
531.08
524.58
520.92
519.57
532.17
524.43
521.14
529.75
529.19
519.20
515.40
529.63
515.20
529.57
525.16
531.68
523.11
528.79
525.43
529.26
521.14
517.40
516.08
528.92
528.81
519.65
518.56
523.05
527.84
522.74
524.20
526.62
527.20
527.27
520.44
527.50
516.94
528.76
519.09
519.25
517.16
530.06
525.44
527.37
526.03
511.70
530.82
519.80
530.50
521.43
523.22
528.80
523.88
524.09
520.34
531.34
531.41
530.55
531.81
529.67
532.04
516.70
522.57
519.49
522.77
518.40
524.24
528.91
518.59
517.23
523.48
516.20
530.48
518.33
516.17
519.72
528.09
529.94
517.26
513.24
522.36
523.16
521.72
522.03
525.35
516.26
517.48
529.67
524.44
517.25
526.35
520.15
517.39
527.12
527.48
529.72
530.69
521.98
518.73
516.09
527.91
521.57
523.03
519.67
527.45
518.18
522.26
511.87
513.71
532.34
530.69
519.90
521.00
520.18
526.06
525.83
528.04
525.45
523.68
528.02
515.30
525.58
522.16
521.96
519.93
521.71
526.19
528.64
522.13
526.79
513.47
520.52
529.74
523.60
519.73
520.22
523.13
529.55
518.83
529.44
529.78
517.20
517.17
513.53
528.36
531.57
517.08
526.08
527.51
525.65
522.99
526.80
511.14
526.79
517.22
517.30
519.79
526.73
527.26
526.23
525.88
530.99
526.78
514.20
516.85
511.28
518.75
526.91
527.83
530.73
531.30
514.05
517.99
517.30
529.88
516.08
521.99
517.09
520.34
527.59
523.97
526.45
529.27
511.62
520.96
515.96
522.37
513.46
520.62
517.10
524.85
527.75
527.89
519.79
531.39
531.37
528.60
520.04
518.51
521.28
519.46
521.89
523.76
525.88
516.49
527.80
527.42
522.26
518.15
512.92
511.12
527.99
518.03
514.82
518.75
526.28
516.24
526.13
518.22
515.87
510.51
528.99
522.54
520.47
531.41
517.52
524.54
532.66
518.69
520.19
520.41
521.58
526.29
526.29
519.10
523.20
521.66
525.95
531.36
522.76
521.63
529.71
520.66
523.69
529.07
531.56
526.50
524.16
523.29
530.61
522.01
535.93
519.28
523.95
523.88
521.92
518.24
520.88
513.69
524.67
524.95
528.57
518.11
521.40
528.33
523.15
513.99
517.30
521.89
513.90
527.23
520.13
518.82
518.44
518.64
522.91
530.64
528.53
515.56
526.13
518.95
516.77
513.23
521.16
522.67
515.93
528.31
516.28
525.75
531.36
527.12
525.56
524.50
521.46
531.81
528.51
525.21
519.84
522.67
528.94
530.84
523.68
531.05
514.90
517.34
521.59
519.52
528.88
517.57
520.53
530.60
530.21
529.71
527.95
530.85
526.93
526.34
530.55
530.15
527.71
531.79
527.16
526.32
531.38
528.37
514.02
513.86
512.07
513.39
517.31
512.63
513.85
512.79
511.50
514.68
512.86
514.76
512.11
511.65
512.77
513.11
511.20
517.62
514.48
514.78
515.05
513.96
513.51
517.20
513.10
513.08
513.51
511.17
513.94
517.56
514.56
512.59
512.87
514.31
511.14
514.78
513.79
515.20
517.08
511.09
515.09
512.91
510.74
514.19
516.02
513.67
515.31
513.24
512.76
510.90
515.94
516.00
516.52
511.86
518.20
514.32
513.24
513.56
513.28
515.07
516.45
517.70
514.99
512.62
510.01
518.72
512.17
514.24
512.98
516.83
512.47
510.59
513.18
513.52
514.16
515.55
513.36
511.51
513.57
513.43
512.98
511.14
512.12
511.00
514.58
510.50
511.25
517.63
515.14
514.61
515.15
511.63
513.31
511.16
515.95
517.49
510.22
514.15
519.24
516.69
519.94
513.92
512.61
512.07
514.38
511.82
517.17
511.70
515.07
513.86
514.03
514.14
516.14
523.12
515.82
517.84
518.97
512.57
512.99
511.79
512.35
513.80
518.60
516.02
513.80
516.06
512.72
511.88
515.97
511.55
513.53
511.90
511.15
514.53
512.65
512.85
510.75
512.81
513.09
514.39
513.77
518.36
514.20
512.54
516.26
513.52
515.49
511.07
513.14
513.71
511.94
519.15
517.59
517.71
512.20
515.50
517.53
515.42
513.69
515.63
516.56
514.75
512.42
514.85
516.48
519.78
513.27
517.75
515.24
512.36
513.10
516.20
516.25
512.25
511.48
512.67
514.94
515.79
512.84
512.53
518.96
511.24
515.26
513.34
511.20
512.68
532.60
530.71
524.25
527.75
530.81
528.35
532.65
528.34
530.25
530.44
529.87
527.09
531.41
530.24
527.98
531.79
530.98
530.47
530.58
531.05
530.21
529.51
524.83
520.39
530.55
520.00
520.45
519.03
527.10
520.56
521.61
523.24
521.40
534.67
524.13
520.83
528.90
523.21
519.36
522.46
518.21
525.46
523.06
519.99
521.94
532.34
532.62
529.79
521.91
519.48
520.60
518.99
528.10
521.69
519.36
523.92
520.65
521.40
519.35
520.22
519.24
524.13
519.92
520.61
520.18
519.90
522.81
518.67
519.97
532.23
523.78
521.24
529.87
519.55
519.23
519.13
520.34
529.16
519.68
522.91
526.19
521.75
532.89
528.74
521.39
520.26
529.84
520.82
520.12
517.29
528.10
524.20
524.61
529.42
521.15
530.44
524.92
531.71
527.26
528.09
535.46
525.19
530.15
525.12
529.43
524.29
528.86
522.18
525.20
521.03
529.35
517.41
534.15
529.63
525.24
528.05
530.79
520.26
520.63
520.44
520.66
523.40
529.20
527.22
519.82
530.83
519.64
524.21
526.16
525.35
526.90
522.23
520.61
528.10
518.72
533.82
524.29
524.62
519.36
522.63
519.71
521.54
521.59
519.89
520.90
519.00
518.61
521.06
521.98
523.34
519.30
520.68
533.50
519.17
519.83
517.08
528.54
531.05
520.49
531.28
525.98
524.41
523.45
525.13
525.28
526.21
527.46
527.92
531.24
524.33
528.27
522.59
514.21
518.17
519.23
526.30
513.44
517.67
515.78
517.75
520.47
519.73
529.46
522.75
522.57
528.79
527.07
516.33
529.73
518.24
521.30
529.61
531.53
521.07
515.09
522.65
521.03
515.27
530.07
518.83
520.81
522.62
525.86
528.73
518.05
520.13
522.84
513.80
522.98
520.93
523.35
528.84
528.25
523.93
531.50
512.63
523.57
525.72
517.47
519.02
519.09
514.24
520.11
522.71
525.11
518.82
528.88
533.33
533.48
533.24
530.03
530.01
531.70
531.06
530.59
532.86
530.33
535.62
529.81
535.01
528.26
530.49
532.41
528.26
530.68
529.99
531.21
520.72
513.85
523.04
520.58
517.55
516.95
520.77
523.18
524.53
527.31
522.46
512.61
530.28
523.27
512.91
530.75
528.88
524.69
515.28
525.16
525.47
528.86
514.63
528.67
517.61
517.99
518.64
529.26
529.09
521.31
519.48
518.14
530.35
526.27
528.87
526.16
523.99
527.08
524.28
520.57
523.56
520.42
522.78
514.28
521.58
517.95
530.93
518.89
518.88
531.47
523.37
516.82
521.04
522.53
518.83
519.81
521.07
519.11
515.87
528.63
514.41
529.43
530.34
530.71
527.11
530.60
532.38
530.23
529.88
521.37
523.62
525.05
530.11
531.24
528.52
515.41
518.70
515.15
517.94
522.76
521.72
522.19
524.44
526.26
533.54
529.07
516.04
529.25
520.43
528.49
528.73
525.35
521.18
523.05
525.55
523.06
517.22
514.04
522.45
527.75
528.19
515.96
530.23
519.13
521.75
516.80
524.34
520.42
523.26
530.91
530.11
514.91
520.41
524.52
517.58
529.34
529.42
518.53
518.82
526.61
529.66
522.95
527.94
528.53
525.11
520.77
528.19
514.90
528.50
518.58
516.32
519.18
521.33
515.90
521.80
524.17
524.76
526.33
514.42
521.89
524.31
522.23
530.16
524.62
530.74
515.55
526.34
521.18
519.23
527.09
531.15
511.88
513.60
515.78
522.54
527.19
520.36
524.85
518.32
528.73
520.73
527.48
530.37
525.26
529.90
529.84
529.06
531.35
532.23
527.24
531.35
530.04
527.21
531.45
524.00
515.32
515.80
520.12
530.92
532.64
521.92
520.58
521.62
521.46
525.24
520.65
517.53
531.57
530.93
525.12
515.39
513.62
527.11
521.77
524.30
520.89
526.40
518.61
519.64
521.36
527.53
520.58
519.60
514.86
525.53
523.96
528.69
527.85
520.03
513.46
532.01
517.46
521.09
517.34
529.33
514.08
529.01
512.33
522.41
521.97
518.78
519.05
530.59
513.15
514.07
525.10
530.45
513.15
519.08
513.84
528.78
521.10
522.02
513.78
517.61
520.05
518.47
518.34
513.89
519.44
522.21
523.95
527.70
527.83
527.27
515.75
514.73
520.64
522.62
524.92
525.94
531.24
531.17
524.76
513.52
511.82
514.14
515.20
514.06
524.92
526.02
522.01
514.69
526.70
513.99
515.71
515.09
523.05
524.61
515.14
515.54
515.40
513.90
517.37
525.14
515.84
529.24
524.65
521.72
528.23
526.39
522.99
525.28
516.27
525.86
520.47
522.94
511.70
512.01
518.05
518.55
529.44
529.90
529.07
515.06
523.80
526.26
524.83
518.75
518.88
510.78
528.82
516.47
518.79
515.31
520.42
527.85
528.37
521.81
512.63
530.70
520.77
523.23
532.58
514.91
529.31
517.11
513.84
519.48
516.62
531.59
520.16
524.85
523.69
524.56
522.06
526.43
530.20
520.73
517.33
516.49
518.47
519.85
525.93
516.85
520.54
514.88
530.36
531.39
519.62
520.92
528.72
529.33
523.09
526.62
523.01
515.33
524.55
531.25
524.12
516.99
514.14
530.18
526.28
528.92
525.96
520.23
524.19
518.45
521.79
527.24
516.68
522.97
531.62
522.62
512.70
512.86
525.54
519.80
528.94
513.62
528.30
528.66
525.84
524.73
523.92
525.11
523.59
526.96
521.53
516.16
529.61
511.18
515.56
522.67
529.78
524.56
520.21
523.65
518.56
518.46
523.91
524.61
520.36
526.90
529.54
526.86
519.61
514.60
527.44
524.09
522.79
518.72
518.12
522.00
527.46
518.22
522.35
524.25
513.94
520.41
521.02
521.58
531.63
514.74
520.48
527.45
517.15
520.94
518.40
530.79
520.91
517.38
526.56
524.68
522.33
513.22
519.47
524.40
516.36
520.85
524.08
518.73
523.50
529.72
526.02
515.06
520.49
523.34
530.07
518.50
518.60
530.62
517.19
510.87
517.95
525.27
517.18
521.99
527.83
522.19
515.61
518.59
515.58
517.29
513.88
520.30
516.51
528.06
524.86
530.46
529.52
523.56
529.67
529.95
536.19
520.26
528.62
517.55
530.11
529.81
522.08
511.53
530.90
513.64
531.58
510.67
522.60
522.73
521.50
522.52
512.96
517.81
519.05
525.97
525.32
519.14
526.66
521.28
530.45
514.75
516.43
515.60
520.32
526.93
515.10
522.01
520.72
513.13
523.10
515.39
521.87
514.49
531.95
514.19
530.40
527.60
525.90
519.59
524.36
526.15
530.00
522.29
519.40
531.38
518.94
524.47
512.33
514.22
516.03
519.47
530.03
526.59
525.19
528.28
516.65
527.85
522.51
520.42
518.47
529.14
523.17
521.97
513.20
519.01
520.03
526.35
526.72
526.50
531.64
515.37
519.05
519.82
531.60
522.99
528.44
528.01
529.82
525.02
527.21
527.31
527.07
527.16
530.23
529.74
520.82
530.06
525.09
528.35
528.62
529.13
530.70
528.04
526.28
529.36
529.88
525.75
531.64
527.39
526.49
520.54
521.20
514.86
529.75
516.06
519.63
517.83
520.15
513.74
528.69
531.06
524.92
521.50
530.77
528.51
518.17
525.51
525.71
519.70
529.37
524.01
512.48
522.70
512.52
531.03
512.10
532.62
520.31
524.55
518.52
524.65
527.05
529.69
523.49
519.06
522.99
519.57
517.85
516.35
518.13
516.99
531.40
525.05
519.17
524.68
519.17
519.10
524.16
527.62
517.19
518.07
523.16
525.91
526.94
513.86
519.58
522.48
517.95
530.85
523.17
531.20
522.10
522.41
529.98
523.56
526.39
523.81
514.17
526.64
515.00
522.16
515.49
526.05
521.79
519.66
520.38
524.65
519.18
517.72
513.48
528.84
515.49
513.57
515.66
529.99
528.91
515.70
520.46
518.77
513.25
515.31
509.80
529.31
519.84
530.72
517.86
511.59
524.99
530.07
521.91
518.41
528.39
514.39
517.17
517.30
514.42
520.36
514.95
526.66
526.11
520.49
531.62
517.59
523.44
518.58
532.22
525.00
521.46
526.05
524.09
528.84
515.45
527.04
523.53
520.47
517.89
523.27
516.08
523.18
519.21
516.91
526.53
517.58
525.92
523.83
528.06
520.55
517.04
531.70
521.02
521.92
515.93
518.67
519.86
520.80
517.57
514.18
532.34
521.05
531.71
519.36
523.39
523.57
528.55
524.03
516.38
518.43
529.60
514.22
521.56
518.29
526.53
522.60
526.49
520.87
523.49
526.94
517.40
515.97
513.70
517.31
530.27
523.23
525.73
513.42
531.54
518.58
512.89
520.61
530.89
527.71
526.34
523.46
526.72
522.77
530.38
517.12
517.47
526.41
519.22
526.02
529.57
526.09
524.56
526.19
527.83
523.17
516.00
518.90
526.25
514.67
516.22
530.58
521.37
531.63
525.33
520.55
516.46
519.36
524.47
521.85
521.35
516.16
525.03
519.38
519.17
529.40
524.54
529.29
522.18
520.92
518.23
528.00
526.99
520.44
519.62
520.59
524.73
530.74
522.08
520.24
513.99
531.08
524.80
517.59
518.66
513.21
524.41
514.60
519.58
519.07
516.47
528.16
517.47
529.65
529.37
523.91
525.74
517.62
515.83
524.96
518.38
515.01
531.34
526.86
530.75
524.94
525.22
525.59
524.68
516.05
528.88
525.56
519.93
528.19
528.78
518.17
530.97
527.35
530.05
527.04
531.05
525.09
514.49
524.54
522.82
524.32
526.95
529.25
530.33
531.79
523.47
528.42
529.99
530.88
527.04
515.02
516.46
528.70
523.57
519.17
527.60
527.45
530.19
521.03
520.98
532.90
521.59
531.04
532.94
519.50
529.69
530.52
518.32
531.47
517.33
512.99
525.53
517.01
525.57
521.02
523.41
515.06
531.32
531.85
528.43
532.34
530.25
529.92
528.67
529.24
529.89
530.52
530.15
534.06
532.43
531.26
530.53
528.68
533.26
528.70
533.43
526.88
530.02
528.56
529.37
529.61
529.54
529.82
531.50
531.32
529.73
532.37
530.75
529.82
532.84
532.92
530.64
528.00
528.68
533.68
531.30
528.83
528.70
529.54
532.06
531.36
532.95
529.94
533.36
529.77
533.09
530.21
533.19
535.09
533.75
532.03
531.77
532.46
529.17
531.52
535.05
532.23
532.89
531.87
532.33
531.26
532.68
534.41
532.02
531.59
528.88
532.57
530.28
533.24
527.93
529.85
532.43
534.34
533.60
529.57
532.92
531.10
527.95
533.14
534.33
530.75
531.23
531.25
531.68
531.74
530.58
529.99
531.19
532.40
528.69
534.77
533.95
528.05
531.94
530.51
531.68
533.56
529.89
531.08
530.00
530.08
530.44
532.92
531.23
530.61
530.23
529.86
528.17
531.69
531.61
532.32
531.82
530.16
533.56
533.25
532.86
531.65
532.29
533.65
531.20
534.47
529.09
530.14
529.76
529.53
532.63
532.98
538.66
530.81
531.42
537.89
531.54
529.98
530.91
530.80
532.47
532.95
533.23
532.62
531.77
532.27
529.02
529.95
534.62
532.26
532.05
530.38
530.45
531.71
532.62
531.46
533.61
531.51
530.77
530.98
531.48
532.80
530.62
531.46
531.16
530.75
531.47
529.71
533.65
531.40
534.38
536.17
531.03
533.37
531.78
533.67
531.88
531.92
530.82
531.52
530.55
530.96
531.31
534.36
531.23
533.40
535.72
533.32
529.37
530.54
537.91
533.76
528.91
530.02
533.99
531.08
532.30
532.29
530.87
528.09
529.85
533.08
530.25
528.72
533.13
529.81
530.51
531.88
529.72
531.09
532.80
532.17
530.12
537.36
533.97
534.48
531.57
530.22
529.18
532.79
532.75
531.57
530.55
532.17
531.27
533.38
529.26
529.43
527.88
531.87
529.64
530.35
529.45
527.52
530.53
534.21
528.55
529.60
530.69
529.68
530.66
532.92
530.59
529.09
530.08
529.61
532.00
534.10
530.47
532.64
533.34
531.51
527.57
530.19
532.39
528.70
532.01
529.38
533.04
532.13
531.98
531.54
528.23
529.08
534.58
532.58
531.92
530.63
528.87
532.07
535.49
531.06
530.53
531.44
531.08
529.81
533.34
533.65
528.89
533.28
530.37
530.07
529.25
530.15
531.87
529.94
528.88
531.35
537.04
528.20
530.56
531.15
533.12
531.78
529.63
532.22
534.35
529.79
530.17
530.39
531.64
533.82
531.17
532.32
533.48
535.07
528.08
533.16
531.23
529.74
529.14
530.49
530.87
531.37
530.23
529.07
530.98
530.06
529.89
530.74
529.54
529.50
531.68
530.19
530.91
531.62
528.12
529.71
535.75
531.49
530.80
533.91
529.31
518.36
519.87
519.05
519.85
520.53
521.08
518.84
530.22
519.24
521.43
525.29
525.73
520.10
531.46
535.93
524.11
520.64
533.40
522.33
519.67
518.47
524.09
525.07
531.02
526.25
516.89
519.03
519.83
528.81
530.88
522.15
522.20
521.32
516.23
533.19
534.59
518.79
522.82
527.69
520.47
523.79
521.85
525.88
517.80
528.92
521.48
520.33
524.94
519.45
526.44
519.83
531.51
521.07
528.27
525.99
527.71
523.66
518.90
530.26
511.85
512.95
514.96
515.28
514.71
513.89
512.32
519.42
514.70
516.08
513.00
514.75
511.76
512.70
514.44
514.95
518.82
513.63
509.33
514.18
519.59
511.76
513.79
513.79
512.59
516.72
510.48
519.35
513.36
514.20
514.33
515.58
515.41
513.60
514.26
517.68
513.10
518.22
516.43
514.02
515.09
514.02
515.14
515.99
512.94
511.48
515.59
517.30
510.86
511.09
512.27
513.79
520.12
512.30
517.57
510.68
516.69
515.71
512.31
510.23
511.23
512.67
510.96
513.97
515.49
521.30
521.06
520.96
513.13
511.87
511.76
514.09
517.11
511.81
514.87
512.04
511.23
514.24
513.27
516.19
512.17
512.26
513.78
514.71
514.52
518.60
513.98
512.43
511.39
511.27
514.16
514.01
512.59
512.47
512.59
513.14
516.43
513.77
515.42
517.29
512.60
513.50
513.42
514.57
517.30
511.91
512.99
513.54
513.68
511.04
514.19
516.54
512.26
511.87
519.97
515.95
514.50
510.01
514.32
512.61
514.87
516.36
519.25
510.19
514.71
518.11
512.48
512.37
515.07
513.20
515.61
511.00
512.17
514.24
515.29
515.33
515.24
517.18
512.09
514.81
514.36
514.42
514.06
515.17
513.74
512.31
511.48
518.33
515.91
511.57
515.49
513.55
512.29
521.56
514.87
512.51
514.56
511.76
514.22
514.23
513.53
511.02
511.92
515.43
514.87
515.40
511.00
515.27
511.76
513.40
512.09
511.80
512.71
511.84
513.48
510.40
514.64
512.71
513.95
513.15
520.01
510.67
511.90
531.25
531.91
514.81
518.27
517.38
531.39
523.71
529.30
524.10
516.28
530.16
525.81
512.81
530.78
515.63
530.33
528.58
530.98
518.02
521.66
520.86
520.85
531.37
527.16
528.52
526.27
517.49
530.82
520.54
521.67
521.76
526.52
523.41
513.76
510.39
523.37
522.48
523.89
521.47
522.06
514.23
526.41
523.64
531.70
521.39
521.07
523.64
514.38
524.96
525.77
514.75
514.58
530.66
531.20
528.81
530.49
529.62
526.72
518.60
519.21
519.05
530.02
524.42
519.78
515.43
528.71
528.64
515.75
527.95
527.62
525.19
531.91
522.92
526.17
525.80
520.28
521.56
527.81
521.96
525.44
520.13
514.76
519.75
526.48
525.90
521.69
516.02
521.68
523.79
518.87
530.59
515.39
526.01
512.88
515.48
528.71
531.71
529.99
531.17
531.98
523.40
529.52
516.43
525.14
515.86
522.11
524.85
516.16
528.78
517.91
528.90
528.52
518.50
529.99
517.03
519.83
527.72
525.90
518.17
517.14
514.03
513.70
510.40
524.14
530.89
515.23
513.80
527.22
522.75
528.84
518.68
527.00
512.97
526.74
527.79
523.32
522.92
522.54
523.37
514.81
529.99
512.52
524.17
531.28
526.52
513.91
513.02
518.31
517.79
520.13
532.64
527.85
522.95
523.77
516.21
517.04
519.59
522.61
524.57
528.12
531.52
527.76
531.42
524.40
524.66
518.41
520.12
529.84
521.67
526.30
526.62
531.72
518.15
530.50
530.51
529.46
531.41
516.82
526.00
522.85
531.00
520.15
523.50
525.11
529.40
529.64
519.31
526.58
517.77
525.77
530.31
521.07
521.27
520.35
516.90
522.61
529.33
529.82
524.17
524.15
517.52
514.67
531.26
513.98
514.00
528.91
516.86
520.07
530.35
521.06
517.95
522.92
517.49
523.85
514.04
529.03
522.83
515.54
527.39
529.11
515.91
523.66
520.71
520.75
515.10
531.89
524.26
512.48
524.08
520.73
520.73
524.53
522.87
522.95
527.44
519.72
516.61
518.69
530.96
515.83
523.18
531.22
528.46
528.23
522.21
512.03
514.42
516.56
522.70
524.49
516.42
510.73
529.59
525.56
525.88
517.23
528.89
520.52
520.71
529.91
521.94
525.78
524.38
520.50
513.47
521.51
531.91
526.31
523.12
522.33
522.42
521.86
517.95
517.83
523.01
517.94
524.14
526.53
525.93
528.12
523.18
525.93
529.45
523.68
516.57
518.45
514.61
518.40
527.09
526.41
531.47
522.67
530.21
530.07
522.57
522.00
512.92
517.05
521.11
517.14
520.05
513.38
529.89
527.63
522.37
531.97
528.49
515.84
527.80
513.39
526.89
523.19
527.84
525.26
523.19
514.75
524.13
524.02
519.43
515.40
530.57
517.62
523.27
514.13
516.91
522.56
521.35
528.88
530.03
523.86
521.80
530.43
522.83
516.36
519.92
522.25
528.34
516.87
528.34
518.73
527.05
515.80
523.30
529.64
528.07
518.25
528.20
519.08
520.66
513.17
526.88
523.65
527.68
521.24
514.07
517.83
531.21
523.63
518.50
530.87
524.83
520.24
528.06
530.82
528.33
527.69
526.80
530.49
529.27
531.47
530.34
531.26
528.48
531.22
528.05
529.50
528.39
527.68
531.11
530.85
531.24
531.82
527.68
529.34
526.39
529.73
528.91
528.25
531.49
528.95
530.17
526.63
531.79
534.88
527.45
531.22
531.87
532.01
532.72
529.54
526.91
529.64
527.49
529.14
529.38
531.54
530.84
531.65
528.61
515.86
515.51
530.10
523.67
518.97
521.05
523.51
528.30
525.36
522.88
520.52
525.39
518.71
519.37
515.64
518.75
530.32
524.43
517.31
526.74
519.58
514.76
510.75
511.30
511.56
515.75
523.75
527.38
525.80
519.40
526.77
523.72
530.81
518.44
530.07
528.53
515.24
521.21
520.84
520.26
525.14
525.66
524.95
517.17
516.83
512.65
528.17
534.79
532.02
520.69
520.72
517.51
519.69
518.00
522.45
519.46
518.37
524.49
521.17
519.25
522.44
520.26
518.71
532.39
517.84
525.84
518.18
525.08
528.36
531.98
531.04
526.88
514.97
517.00
530.34
526.80
528.81
525.88
525.97
525.64
519.98
513.02
515.37
512.37
521.26
527.87
526.53
516.73
529.31
530.35
526.30
526.24
520.03
530.57
527.83
520.93
524.68
531.34
533.44
525.70
530.72
517.97
530.33
522.01
523.72
526.55
519.62
520.76
513.43
525.97
513.77
519.00
527.51
531.25
523.66
520.69
520.46
514.22
517.16
524.65
517.72
531.39
519.95
517.33
521.02
524.15
521.87
519.50
525.27
523.69
525.02
517.08
517.81
521.77
528.76
517.66
530.09
531.19
527.92
529.59
513.57
531.19
522.78
525.21
523.68
520.78
513.51
520.92
517.42
519.63
520.71
529.62
515.75
524.73
519.21
531.10
520.11
521.51
520.98
530.33
528.30
530.41
530.06
522.41
526.52
520.13
531.63
530.55
515.78
528.10
522.89
522.10
529.86
525.52
521.63
518.22
526.21
525.89
530.97
520.78
525.93
527.34
524.87
519.97
521.31
515.84
531.65
519.84
525.58
521.20
523.25
531.09
516.98
518.78
527.18
519.98
517.63
527.51
521.79
524.01
530.17
531.64
528.83
515.85
519.99
521.71
516.70
518.02
514.72
523.51
531.50
514.92
529.46
530.98
514.18
519.28
528.33
516.71
512.98
522.40
514.91
527.39
531.53
532.73
518.16
521.04
527.52
514.16
519.62
529.92
523.73
515.99
531.68
531.26
516.54
522.36
525.98
530.10
518.69
530.14
514.17
530.39
525.72
518.10
525.27
519.15
524.44
517.68
515.38
512.46
527.09
526.72
524.85
531.59
514.87
528.86
516.72
526.72
525.71
526.40
521.18
523.12
514.25
516.36
517.81
518.96
531.41
525.55
526.68
528.19
526.42
516.04
522.34
529.63
518.20
514.33
517.30
531.22
521.94
528.68
514.04
531.43
521.60
518.70
530.16
527.44
513.08
523.62
528.27
519.15
513.05
519.00
529.44
528.14
518.47
531.92
521.79
527.31
530.16
525.41
520.16
521.72
529.75
520.54
529.01
522.95
524.42
524.51
512.90
525.75
524.22
527.06
514.08
528.38
522.23
519.97
522.36
528.63
520.29
521.66
520.48
523.28
524.83
523.92
525.81
530.78
522.97
516.81
531.23
522.02
517.57
529.94
511.35
526.86
524.40
530.78
516.75
524.88
519.61
514.45
528.30
514.42
521.24
521.74
513.39
514.67
513.35
526.77
518.08
518.38
530.93
522.11
524.35
515.73
520.00
530.88
510.08
528.58
512.77
519.29
514.45
529.72
521.63
513.76
523.40
527.77
528.63
528.35
515.09
512.63
530.58
522.60
530.40
519.34
520.06
523.63
522.85
513.86
514.24
518.38
530.75
530.01
529.43
523.83
523.40
521.26
515.80
515.86
523.58
524.72
525.91
523.23
522.20
520.69
516.48
514.05
528.36
525.79
528.66
518.22
519.47
519.43
519.76
523.30
528.69
525.34
511.18
515.80
522.68
513.78
525.59
521.62
528.68
532.18
519.26
523.68
524.36
531.50
528.05
523.16
523.24
525.24
527.66
528.29
519.52
519.14
532.53
522.92
517.30
526.19
526.79
523.01
516.16
520.45
530.77
519.08
524.78
526.29
519.28
521.04
524.04
521.86
534.65
519.13
524.05
531.95
525.06
532.45
531.57
527.86
521.16
522.11
520.50
522.12
521.46
522.36
519.94
526.27
523.05
523.30
520.67
520.56
529.74
530.30
528.32
521.80
528.35
515.69
524.58
527.72
519.34
527.84
521.63
525.20
525.54
524.23
518.92
527.42
524.07
522.72
520.70
530.71
521.78
531.76
533.02
528.45
529.93
529.46
532.18
528.02
530.54
527.68
531.44
531.33
530.09
528.73
530.17
528.76
529.18
527.35
529.35
530.44
531.28
530.79
530.76
530.23
527.28
530.41
529.87
528.16
530.87
522.01
530.66
521.41
523.04
531.43
518.10
517.22
530.18
531.96
530.25
519.27
522.73
517.96
529.05
526.09
528.50
525.35
523.98
525.84
528.34
527.54
525.28
519.97
531.60
529.96
525.98
532.12
524.56
520.15
524.96
531.71
521.09
518.99
524.12
527.83
521.18
518.13
527.16
519.17
521.36
522.10
532.50
523.42
520.31
522.39
517.44
531.29
521.37
522.74
522.61
523.45
521.10
528.07
528.91
517.92
524.21
524.32
531.09
531.11
519.39
519.07
527.57
522.96
516.24
520.75
528.10
531.00
529.83
526.09
522.59
516.17
530.58
525.86
522.11
530.15
520.14
516.06
512.62
515.61
529.71
529.03
521.72
525.16
523.23
515.43
510.91
529.67
521.29
523.58
529.80
530.24
519.95
526.94
531.74
520.36
519.25
523.07
520.06
532.13
524.08
526.18
529.66
529.41
522.77
514.69
522.35
526.12
531.42
514.71
529.54
518.74
523.44
515.01
531.57
520.02
525.16
519.32
518.10
520.09
527.66
521.15
526.65
515.14
519.95
530.57
526.87
524.30
514.30
524.80
517.96
521.07
521.11
529.87
523.51
524.44
517.14
516.62
523.38
520.98
529.73
522.19
516.93
526.48
515.20
514.12
513.91
515.95
519.99
516.86
514.52
516.90
530.07
517.53
517.39
525.85
521.30
529.79
525.68
522.21
531.80
520.85
534.01
532.85
529.61
530.41
526.19
525.91
531.10
531.37
531.41
529.61
528.89
526.47
531.80
530.40
532.24
529.55
530.99
527.41
527.70
528.82
530.07
533.06
531.19
528.40
532.20
515.83
510.63
514.31
512.23
512.76
512.81
513.46
515.66
515.65
513.94
514.76
510.33
516.40
513.21
515.00
511.76
512.88
519.35
513.53
515.42
512.62
514.87
513.78
511.61
511.82
514.38
511.53
519.13
511.98
513.46
517.42
518.58
514.69
516.66
517.18
515.26
513.87
513.38
516.51
512.77
511.73
513.34
510.41
512.99
512.59
513.48
515.57
511.42
514.38
514.50
512.43
511.20
511.60
513.82
509.35
512.70
515.71
514.89
514.15
513.37
515.09
512.42
515.20
515.89
510.28
518.05
510.93
511.59
515.04
516.09
515.82
514.96
513.37
513.64
516.14
521.56
515.24
511.31
516.42
517.35
513.29
512.89
513.66
511.78
514.18
513.16
516.12
511.63
512.89
513.26
514.18
513.24
513.47
513.69
511.71
514.31
514.94
513.48
517.76
510.99
515.54
514.65
518.28
513.97
513.86
514.25
515.00
513.89
513.74
518.83
512.25
516.83
513.05
520.02
514.78
516.18
515.59
511.07
513.12
514.01
512.41
514.10
511.44
512.58
513.00
512.60
512.66
514.08
513.23
511.47
510.67
513.76
512.32
516.26
523.94
512.88
513.63
513.02
512.64
515.79
510.69
517.73
511.71
517.33
515.34
511.23
514.36
514.73
512.14
515.06
513.41
515.06
512.28
514.83
516.05
512.34
515.06
517.83
512.26
511.48
520.01
512.86
512.59
511.50
513.06
511.07
512.82
511.20
515.50
514.05
510.71
514.60
512.09
518.01
510.30
511.27
516.65
516.11
513.91
510.93
512.63
510.92
511.84
513.17
514.77
515.77
511.93
515.98
512.79
515.62
517.68
511.49
511.90
512.20
513.76
515.53
511.80
515.93
512.44
513.08
515.92
513.58
511.71
513.92
516.54
514.82
517.68
515.12
517.64
513.26
516.26
517.30
512.81
513.86
513.62
511.24
514.11
511.04
515.23
515.07
514.06
514.62
513.53
512.25
512.31
513.85
515.41
512.14
517.86
520.58
512.84
512.32
516.41
512.72
524.39
512.83
514.56
512.75
512.89
512.04
512.13
514.56
516.12
513.88
511.75
517.00
513.29
516.48
514.31
515.82
515.82
515.71
529.11
534.50
531.33
531.23
528.63
530.44
533.56
529.46
533.44
529.84
530.96
531.33
533.18
531.97
531.99
531.12
528.48
529.45
536.17
533.94
530.33
529.56
535.45
538.10
532.44
529.34
527.94
529.84
529.72
533.61
528.87
530.88
532.82
532.26
530.71
533.50
531.37
530.53
531.92
531.81
532.51
537.02
534.31
529.10
530.55
532.68
532.62
533.53
528.70
534.41
531.28
529.15
528.18
531.30
529.88
532.24
531.98
531.43
532.77
530.57
530.50
532.14
532.49
532.99
531.28
532.98
532.14
533.12
532.78
533.34
531.93
532.16
529.53
534.87
528.91
533.43
531.32
533.06
530.88
528.47
528.17
529.77
531.25
531.25
530.45
528.91
529.80
530.88
531.63
531.27
531.88
529.78
532.88
528.51
530.50
533.24
530.00
532.20
530.20
531.66
529.32
534.72
529.08
531.70
532.76
532.83
531.14
531.14
529.84
532.98
530.96
528.14
529.84
530.65
530.69
529.78
530.01
530.58
528.27
530.88
530.98
531.79
530.55
528.49
531.01
531.68
531.30
531.98
532.68
532.67
529.50
531.25
533.67
530.84
530.73
531.64
531.69
535.05
532.75
531.27
533.24
531.90
529.78
530.71
531.24
530.98
531.44
530.80
531.29
531.67
536.13
536.18
531.53
530.48
529.21
532.38
530.86
531.42
529.59
530.90
532.48
531.49
531.88
529.33
530.53
536.11
531.43
530.24
530.35
530.50
530.47
530.83
529.21
532.98
529.79
529.15
530.91
535.33
531.32
530.23
529.58
531.29
529.06
534.39
529.44
531.21
529.33
531.57
529.76
532.09
526.77
527.24
531.31
529.59
529.43
526.10
530.74
530.06
532.44
531.38
529.89
530.49
530.92
527.12
527.76
531.73
532.35
527.27
531.03
531.06
530.45
531.33
530.32
528.49
529.17
530.61
526.19
524.33
530.64
522.59
526.90
523.20
517.86
530.74
524.44
519.73
524.09
512.36
517.66
525.32
515.72
527.25
534.17
518.88
511.26
520.96
517.90
530.62
527.25
521.67
526.83
520.70
523.25
517.79
521.16
529.65
518.23
518.04
518.85
512.30
524.12
526.12
521.81
517.62
523.22
520.89
516.46
524.94
511.34
521.10
531.43
523.70
523.30
525.70
512.24
520.84
516.18
520.43
518.44
519.76
516.45
522.27
521.68
517.67
515.22
515.60
524.86
515.81
525.77
514.32
528.59
531.52
529.81
520.52
524.14
523.09
526.02
516.38
524.05
518.99
517.71
518.11
531.31
524.96
517.16
523.16
531.61
515.09
520.13
515.17
523.34
517.68
530.16
517.28
530.42
527.63
516.77
525.28
525.52
530.24
529.78
525.68
512.44
526.03
519.91
516.65
514.64
516.68
522.42
522.38
521.57
525.46
530.74
527.15
521.79
526.72
525.28
529.47
518.09
517.64
527.80
518.93
530.39
517.66
526.01
521.11
525.09
525.82
518.63
524.74
526.73
518.67
521.02
520.56
528.94
522.89
531.42
523.55
517.95
527.50
530.01
525.50
519.15
516.42
516.93
518.56
518.67
530.68
527.55
533.67
528.80
528.78
530.31
531.82
533.51
527.19
531.45
532.75
532.03
530.32
523.42
522.15
519.95
524.68
517.98
518.58
531.86
528.28
527.93
531.23
531.70
533.67
528.99
530.63
533.24
530.06
534.34
532.59
535.51
531.17
531.17
533.52
532.58
534.61
527.12
530.06
531.84
531.16
531.20
530.97
531.29
532.74
531.47
529.31
530.88
530.75
533.74
527.15
527.61
524.34
516.10
513.91
531.38
528.52
529.92
527.98
526.14
514.17
525.03
516.26
530.20
526.08
524.88
516.72
528.52
517.57
526.33
509.79
531.06
516.77
520.70
519.75
525.56
529.37
530.42
515.84
510.67
522.35
523.42
524.19
523.18
529.09
526.88
525.17
525.76
529.68
525.11
523.01
521.70
528.50
512.97
530.73
531.35
532.14
526.75
527.89
526.42
520.92
530.97
524.26
523.87
517.35
525.78
520.24
519.23
517.24
530.66
530.80
520.57
531.26
516.03
531.07
527.15
514.84
526.92
521.41
520.36
526.32
529.75
521.72
526.21
513.18
526.23
520.17
523.34
531.63
531.58
524.97
520.74
524.55
523.68
511.93
512.72
529.61
528.52
526.08
517.12
518.12
517.26
530.82
530.45
528.24
531.13
530.11
531.58
521.33
524.11
531.77
529.99
530.03
529.45
529.03
519.49
522.98
518.78
519.80
523.27
513.75
526.17
524.24
524.46
523.43
514.93
521.29
531.10
529.20
531.03
515.14
530.56
530.00
528.23
527.59
522.53
514.75
518.59
516.95
528.58
527.00
515.90
525.34
522.29
515.88
529.13
520.82
527.76
529.54
518.00
531.23
519.37
512.80
525.92
518.64
526.99
520.57
530.07
531.50
531.18
528.58
518.17
515.23
529.20
525.56
525.50
515.97
522.88
520.54
515.50
531.26
517.03
524.73
524.46
517.74
513.67
516.55
531.50
525.22
519.30
518.89
523.40
521.19
517.50
521.25
529.50
528.35
525.81
514.25
516.42
523.13
523.91
518.35
519.16
519.26
528.90
524.78
526.08
530.28
520.03
515.36
512.78
515.06
519.55
524.59
517.25
530.07
522.41
517.16
524.24
518.63
524.56
530.64
518.55
519.03
523.26
511.73
521.58
531.33
516.24
527.99
523.16
521.84
523.10
523.02
525.26
521.13
524.55
517.21
520.69
527.55
517.52
520.32
528.30
518.63
520.52
516.83
529.36
531.39
531.37
520.53
522.30
520.91
516.63
533.32
522.63
530.99
523.72
524.21
522.99
531.20
521.39
514.78
520.00
529.78
522.48
528.61
520.18
527.34
523.74
530.82
516.02
529.88
524.59
531.77
531.13
528.99
523.51
528.07
520.16
518.64
518.46
518.43
520.34
517.52
526.39
523.63
522.05
519.72
529.69
523.20
519.99
524.62
530.58
523.63
520.23
513.44
519.97
518.77
522.10
523.82
531.21
517.39
520.07
526.18
516.39
515.85
523.71
517.80
516.54
527.00
518.77
516.31
530.40
525.67
513.82
530.87
525.26
522.83
529.22
516.63
524.08
523.29
516.89
518.19
528.52
518.02
514.30
521.13
518.30
519.83
523.32
515.34
513.64
521.12
524.71
523.12
523.49
523.19
523.13
523.14
519.58
513.32
520.89
528.50
530.21
523.96
521.09
522.62
521.84
522.42
513.35
